[2.733531068222237, 1.5544100265151296e+33, 51390511627.71581, 1.2787083301956722e+33]
[2.5856851320687118, 1.694575901672851e+33, 51532068546.348625, 1.3455100963297027e+33]
[2.5769081318919227, 1.6730784607920502e+33, 50960799182.26624, 1.3086268282163173e+33]
[2.6616180021383657, 1.583253382533688e+33, 50451098213.57602, 1.3025216163515592e+33]
[2.6866118607595606, 1.608303405216244e+33, 51352006736.41256, 1.3727211615018528e+33]
[2.6620710086207593, 1.606748487491437e+33, 51463214040.89279, 1.234398261984544e+33]
[2.661061264845566, 1.5846682706418277e+33, 50560363367.732635, 1.2861993072918693e+33]
[2.709079799855555, 1.5576085390060704e+33, 50885802786.55915, 1.2859135569313776e+33]
[2.6091161387728476, 1.6354074168469052e+33, 50638257680.94623, 1.3151983980911288e+33]
[2.6122965516332908, 1.6597457861644087e+33, 51260956048.51472, 1.3343133789859567e+33]
[2.520720758906638, 1.705948400166841e+33, 50616579311.05768, 1.3076655416430524e+33]
[2.589214078954805, 1.6863375944073308e+33, 51491664887.61241, 1.3261463347614777e+33]
[2.667933278902907, 1.624815616672686e+33, 51849209768.39767, 1.2802092331869071e+33]
[2.6105036948385334, 1.6381931061924863e+33, 50927667415.73716, 1.2790181566574341e+33]
[2.5990578225139758, 1.6577333298017243e+33, 51104574275.15423, 1.2966346389524668e+33]
[2.6622780658629286, 1.6358627847286275e+33, 51687692364.65963, 1.3454385577893368e+33]
[2.7371454835547904, 1.551190337805392e+33, 51048569205.9784, 1.3444642607107376e+33]
[2.677908288323441, 1.61736423124886e+33, 51837404426.45459, 1.2867649065538677e+33]
[2.6673704159538287, 1.6276163485735502e+33, 51899968075.08286, 1.2827408684931327e+33]
[2.656704598410185, 1.6164100010826047e+33, 51345722781.86668, 1.2837201407176646e+33]
[2.6693624679772547, 1.578739810090688e+33, 50730012518.57294, 1.2575525868132376e+33]
[2.5904958515679253, 1.673130139410156e+33, 51191140620.486824, 1.3224434188155708e+33]
[2.59020788344675, 1.6695971580048562e+33, 51493172902.896904, 1.2452960397098065e+33]
[2.5777456226666495, 1.685109547651438e+33, 51067484567.31658, 1.3539440615015997e+33]
[2.638448550561179, 1.6074295609604602e+33, 50925213829.17711, 1.239330543520543e+33]
[2.7152334098613577, 1.5812490213784325e+33, 51304906683.17319, 1.3623255811702417e+33]
[2.610123986912973, 1.6565436277015364e+33, 51017515087.2269, 1.3565437597731315e+33]
[2.7202713942913515, 1.5759279103120354e+33, 51481472768.68211, 1.320122119998552e+33]
[2.6059469974696494, 1.6411044676040546e+33, 50841478499.26454, 1.2913140253073958e+33]
[2.5553212728117036, 1.6899349146646975e+33, 50800505905.97983, 1.3344671525114114e+33]
[2.697737847280747, 1.5848898983989018e+33, 51294301670.89044, 1.305051618747271e+33]
[2.6738681206279233, 1.5964796235528477e+33, 51105568018.97434, 1.2991646455944543e+33]
[2.705268870190816, 1.577486498202872e+33, 51203890431.81936, 1.3158781861775966e+33]
[2.6437458188666403, 1.6332541979754005e+33, 51149659561.48804, 1.3553788463247884e+33]
[2.674702446621, 1.600047522275741e+33, 51472387481.92303, 1.2514501409934234e+33]
[2.645645775930549, 1.6367069222558287e+33, 51407041111.60905, 1.330949362965569e+33]
[2.632883894547401, 1.661170970368092e+33, 51763403084.935974, 1.3338557950134146e+33]
[2.5989855182852777, 1.6673803634398298e+33, 51190490155.46354, 1.3297530369570498e+33]
[2.7085640496424515, 1.5747053439248775e+33, 51271145004.4204, 1.302098630523623e+33]
[2.6641412300277936, 1.6160103041237784e+33, 51565442823.797264, 1.2717734566681937e+33]
[2.722016545589086, 1.5666419126951934e+33, 51363041623.139015, 1.29989793691531e+33]
[2.5771972925073987, 1.6754754351610326e+33, 51153383512.98789, 1.284595600995118e+33]
[2.643508041279234, 1.5955077595816063e+33, 50567939806.24754, 1.2667540339937104e+33]
[2.6170421649118047, 1.6533279343618262e+33, 51142462653.306465, 1.3450242363055064e+33]
[2.6326928960549076, 1.6480532453692447e+33, 51399464583.27721, 1.3353488554707408e+33]
[2.6203163466780195, 1.6253988237317953e+33, 50735206990.63984, 1.2918789362148205e+33]
[2.6825561541566576, 1.580675089248257e+33, 51130978870.95433, 1.2478851414743815e+33]
[2.6433849706989596, 1.5958916640786118e+33, 50208947168.36866, 1.339667211065904e+33]
[2.6223336854710184, 1.6442104978301072e+33, 50929607904.482376, 1.3628253069112693e+33]
[2.641699958482449, 1.645901256291286e+33, 51598597889.44304, 1.3245903205768278e+33]
[2.5873097447722393, 1.664751627811991e+33, 50875639586.12555, 1.327367740096692e+33]
[2.6892201345841427, 1.608631347905258e+33, 51419318983.543144, 1.3729181257565727e+33]
[2.5617062081445194, 1.7004417351142775e+33, 51264778361.48272, 1.3238963848024367e+33]
[2.6193959702938057, 1.6424684415292816e+33, 50933194317.557915, 1.3393664313862325e+33]
[2.5737941622484084, 1.673708691175419e+33, 50969224629.50885, 1.29684969033954e+33]
[2.5885741028819464, 1.6640318224344897e+33, 51021584455.345085, 1.300228728652896e+33]
[2.5837041937503513, 1.6865190633676325e+33, 51238869273.049934, 1.3532515399255664e+33]
[2.618744182641777, 1.6439686509183213e+33, 51290000928.489914, 1.274350042233215e+33]
[2.6688996868484955, 1.5998854070301202e+33, 51285912350.390915, 1.2609905075572581e+33]
[2.6317570868511173, 1.6061794692789653e+33, 50467648302.29871, 1.292218959483933e+33]
[2.590877592720369, 1.6796067526299506e+33, 51516333579.9131, 1.2939288118878105e+33]
[2.5667308572482996, 1.7009933361513677e+33, 51639115775.16656, 1.275563097523961e+33]
[2.602824296353302, 1.6634913698805582e+33, 51164423143.06481, 1.3313998559947753e+33]
[2.7007327408934554, 1.5660245879645582e+33, 50905751262.325356, 1.2912858626979478e+33]
[2.650853931401748, 1.644526838950238e+33, 51641231612.43678, 1.349899112047593e+33]
[2.6473613805694614, 1.6331582401139936e+33, 51519446328.44323, 1.2976161730523774e+33]
[2.658455811676008, 1.6101628454115896e+33, 51205345690.19773, 1.2854227791939833e+33]
[2.6621060706079693, 1.6167281909510257e+33, 51329124485.5275, 1.3123178898070075e+33]
[2.637552765827916, 1.6296364031059547e+33, 51454146134.903404, 1.2497880593390201e+33]
[2.663393685598366, 1.5905312006130648e+33, 50983173126.39362, 1.2460205371015773e+33]
[2.6203015834812016, 1.6211767385236512e+33, 50660197382.167534, 1.2842890820427452e+33]
[2.592905585340925, 1.6615181116521956e+33, 51165093812.53669, 1.2780468070491068e+33]
[2.731118126377118, 1.5455053325764586e+33, 51043986136.91849, 1.2860139629927752e+33]
[2.5659291594785114, 1.6943683453347035e+33, 51131708062.27064, 1.3373874063622748e+33]
[2.5363092006744794, 1.6893544438996265e+33, 50744681805.21702, 1.2638535811811269e+33]
[2.6755912529850416, 1.5871437000897234e+33, 50646599083.37759, 1.3473008886726344e+33]
[2.5912797712310818, 1.6715582604048464e+33, 51309418680.79105, 1.2945383304574043e+33]
[2.5852335287500887, 1.6481779939956972e+33, 50549484145.44312, 1.2963573455120403e+33]
[2.653904085302586, 1.6208572587267594e+33, 51083513302.643524, 1.3469492297382327e+33]
[2.630732830018592, 1.6252233459530323e+33, 50850004292.14073, 1.3137907339501268e+33]
[2.5728509525964665, 1.6697982572586347e+33, 51083899827.18938, 1.2511973198421012e+33]
[2.637692371998974, 1.610389169625119e+33, 50510260859.728, 1.332595864689117e+33]
[2.569885598134192, 1.6645845635886423e+33, 50757815124.75319, 1.2748616022961725e+33]
[2.7661261126785375, 1.539272867833154e+33, 51606281964.01769, 1.2995222944588153e+33]
[2.6355724330593717, 1.634608746095268e+33, 51376163007.44062, 1.2816618284794302e+33]
[2.5925542518039575, 1.6575857714218682e+33, 50947769338.44238, 1.2984681469975488e+33]
[2.678322303361334, 1.5937991406837396e+33, 51000568893.86175, 1.325134426870355e+33]
[2.5825803925219613, 1.6729750529235788e+33, 50998439422.175606, 1.325277961444835e+33]
[2.6133342435588935, 1.6463309988868775e+33, 51066567468.47972, 1.3065630369085116e+33]
[2.661443020110464, 1.582366053473518e+33, 51246456195.138855, 1.149644260476506e+33]
[2.5761419660174445, 1.6929649882590073e+33, 51539435516.757095, 1.2942146804950718e+33]
[2.6506809210566815, 1.6243856878519157e+33, 51365057554.48757, 1.295806878646643e+33]
[2.5577561674838094, 1.6910610882693906e+33, 51185524850.18902, 1.2750327298092288e+33]
[2.632763318371446, 1.6170128114381495e+33, 50699440380.88195, 1.3086635989641572e+33]
[2.6848899234511476, 1.6094711992957593e+33, 51516606122.32826, 1.33798665732404e+33]
[2.6666315368165785, 1.5987526501994392e+33, 50687423775.70301, 1.3631422098969762e+33]
[2.5980294485836852, 1.6678782507390783e+33, 51161612059.693565, 1.3339175668484664e+33]
[2.6121952240901085, 1.665411792375688e+33, 51564259545.734634, 1.3038513310864371e+33]
[2.630210844117792, 1.626659467299481e+33, 50932743386.15534, 1.302802027185166e+33]
[2.6626954375764504, 1.5936827893381153e+33, 50774567085.6078, 1.2998722715078517e+33]
[2.5483916672210576, 1.6798479315485583e+33, 50759212864.058914, 1.2618904371379649e+33]
[2.68199376849411, 1.601141905822979e+33, 51304437629.05451, 1.3214397779575605e+33]
[2.5516455886535625, 1.699259268123926e+33, 51074721418.399994, 1.3120623103531612e+33]
[2.622233213027979, 1.6469132815283453e+33, 51334754089.54933, 1.2959596379527624e+33]
[2.550194748678548, 1.6777191720214246e+33, 50530810411.13546, 1.3030655458094327e+33]
[2.5549290208793223, 1.7054651706584336e+33, 51156372259.21846, 1.3419561217837925e+33]
[2.7288477095454584, 1.5562678411949274e+33, 51102776354.31598, 1.3242712183020014e+33]
[2.55837844775424, 1.70211380713835e+33, 51504482961.00936, 1.2717555066601773e+33]
[2.5610018331082434, 1.6752821974936437e+33, 50696452476.929146, 1.3038389135616675e+33]
[2.677893514771628, 1.5965887955039553e+33, 51095832929.94898, 1.3195450616550356e+33]
[2.6035914556253226, 1.6478802828236084e+33, 51110022945.04154, 1.2643990525839391e+33]
[2.636542839773389, 1.6188687481308495e+33, 50968034099.6285, 1.2823283651908537e+33]
[2.6333991553492657, 1.6497889138441194e+33, 51499334432.63211, 1.3279243434648543e+33]
[2.6325278712378513, 1.609752469135624e+33, 50811563020.131485, 1.247854491403328e+33]
[2.6222870038263437, 1.6303689203263094e+33, 50785501187.424034, 1.3168983470287098e+33]
[2.612845823086216, 1.6187945827201407e+33, 50573221206.62618, 1.2570159021143174e+33]
[2.629273650151419, 1.636118133713896e+33, 51046756341.83853, 1.326506011821714e+33]
[2.6109725604604814, 1.6397654252941484e+33, 50893025270.917786, 1.2959371471771908e+33]
[2.5688509162889956, 1.6738556887413364e+33, 51280551797.07299, 1.2183087331061407e+33]
[2.6002336664201637, 1.6444629656432731e+33, 50871567269.54487, 1.2784096321578005e+33]
[2.704563567033803, 1.5844849891786758e+33, 51314013640.52932, 1.3296062771349138e+33]
[2.5322113071901198, 1.725178362694539e+33, 51112302280.79579, 1.3555906652832818e+33]
[2.695249120303618, 1.5800613622539537e+33, 51189146613.305046, 1.2883145615672211e+33]
[2.6747055759205876, 1.5858148253720264e+33, 50791617547.09222, 1.306787685493416e+33]
[2.602626977555257, 1.6638424822033525e+33, 51284020312.35708, 1.3087211597218504e+33]
[2.6708384480712954, 1.5840472974299067e+33, 50936316608.81937, 1.2525388780921313e+33]
[2.730959573847674, 1.5444768660675803e+33, 50817909546.7157, 1.32415829549853e+33]
[2.610383429109629, 1.642057459416856e+33, 50796723086.72411, 1.324523021307025e+33]
[2.7243750143693326, 1.5348372974332226e+33, 50488274965.58641, 1.305672625223909e+33]
[2.6939180600768893, 1.5867237500339764e+33, 51325205618.922905, 1.292076758247284e+33]
[2.6901401655867296, 1.584301857086455e+33, 51423115334.80666, 1.2443059691472611e+33]
[2.6278276013109276, 1.6252047609233267e+33, 51044203611.874115, 1.2633843405256627e+33]
[2.607563035414674, 1.645405210746226e+33, 51151298043.473015, 1.2607173308989137e+33]
[2.666699618402228, 1.6062360860805182e+33, 51197165587.88107, 1.3021513059940567e+33]
[2.679071367805001, 1.5808793832939523e+33, 50878002753.33448, 1.2823039469898496e+33]
[2.5825649761016907, 1.668665629348026e+33, 50906255574.183266, 1.3210296070581597e+33]
[2.59762237292966, 1.6552864123073128e+33, 51361698195.20834, 1.229555878361964e+33]
[2.647807148841463, 1.628912709999716e+33, 51498068538.69491, 1.281447808623974e+33]
[2.6551603748837587, 1.6142296337406794e+33, 51345391766.44067, 1.2657395069953107e+33]
[2.5959531261850817, 1.6727596836479664e+33, 51183179873.70524, 1.3462186499073693e+33]
[2.5998651565097237, 1.662133736723826e+33, 51425371527.86381, 1.2610254846847254e+33]
[2.6204618030150746, 1.6300693178935794e+33, 50975694397.55505, 1.2702670770622752e+33]
[2.5672394201124495, 1.6689304523583863e+33, 50841274750.36469, 1.2696804671565633e+33]
[2.674133972031638, 1.593302846959439e+33, 51463210876.82914, 1.2161919221695111e+33]
[2.6581275476516444, 1.6047144403231976e+33, 51171094678.86883, 1.2619663417495178e+33]
[2.6257732969697765, 1.6474408847083173e+33, 51539293026.25818, 1.2746497237367904e+33]
[2.625869189769236, 1.633908358760848e+33, 51213087166.890945, 1.2676902434411068e+33]
[2.5739046552127594, 1.6931303555467636e+33, 51621923322.078, 1.2698564482443782e+33]
[2.6397531481506924, 1.6129973510355547e+33, 50771520372.953, 1.3035834248461842e+33]
[2.738044291972237, 1.5523770720035797e+33, 51291173112.48294, 1.3069152088467538e+33]
[2.5740885996343454, 1.6838187049626673e+33, 51108342636.51329, 1.322848660278415e+33]
[2.7558130823485794, 1.554053434412084e+33, 51975970966.62355, 1.2640584356714241e+33]
[2.575184811784195, 1.681230778204122e+33, 51195907989.50021, 1.2970610994481462e+33]
[2.7530833141402615, 1.563194422186503e+33, 51920520630.78933, 1.312509520614335e+33]
[2.667396514080221, 1.6146033998138516e+33, 51248586962.504, 1.340497821602898e+33]
[2.6385530300211912, 1.6413819615174335e+33, 51401847790.18974, 1.325363887812589e+33]
[2.6331585710798424, 1.627922425357148e+33, 51157099366.14406, 1.278597718501505e+33]
[2.702858710568793, 1.585957673107963e+33, 51282968008.127716, 1.336251008265258e+33]
[2.6545391264860987, 1.6196026061806296e+33, 51227287411.66234, 1.3142547211899673e+33]
[2.648321401313521, 1.6259042153242137e+33, 51337114676.68107, 1.29894182771193e+33]
[2.610775782435506, 1.6327950803729892e+33, 50623292890.99693, 1.311564702401562e+33]
[2.6539753681548515, 1.6233422394331807e+33, 51440343304.72733, 1.2901128342520822e+33]
[2.6396455771990146, 1.6414338270558037e+33, 51401381962.7818, 1.3306071214332348e+33]
[2.651461262625925, 1.5924624992187264e+33, 50560611219.7685, 1.2862494498544077e+33]
[2.6266400778593733, 1.638974987478091e+33, 51302308911.076126, 1.2800474022034987e+33]
[2.606796187749307, 1.6579064447698243e+33, 51659020938.36094, 1.2254449477249878e+33]
[2.5202784328312036, 1.727620435022681e+33, 51112464898.52664, 1.317117916851342e+33]
[2.569956808124613, 1.6693405282011332e+33, 50779076928.28372, 1.2952744634875653e+33]
[2.5939297484196313, 1.6529327001584213e+33, 50745358082.97452, 1.3201230623194613e+33]
[2.575564006722392, 1.6650166479708505e+33, 50666950800.80858, 1.319172004105126e+33]
[2.6634266054503097, 1.585880584881216e+33, 50697167474.09977, 1.2762999277498696e+33]
[2.6451476246631778, 1.603887107976474e+33, 50820195825.77837, 1.2692162428346165e+33]
[2.5797043570207396, 1.6516142990594524e+33, 50795014918.7337, 1.2433657605431031e+33]
[2.6229568938228374, 1.6258563900263536e+33, 51168491766.97141, 1.2231143223167086e+33]
[2.6453778813167457, 1.6433702738655625e+33, 51474046334.33319, 1.3523551590577613e+33]
[2.6604983445433263, 1.6102396066028164e+33, 50615763722.54067, 1.415172363265127e+33]
[2.728933922631614, 1.5962604153765905e+33, 51944347777.50428, 1.3819507485040385e+33]
[2.687979308816943, 1.5741496852708714e+33, 50759491075.590355, 1.308150893399556e+33]
[2.63472316370237, 1.629887059338669e+33, 51131108431.0302, 1.3007061923636526e+33]
[2.589524966275748, 1.6621313163424322e+33, 51079565942.38646, 1.2832711940325616e+33]
[2.634825951675568, 1.630079836528905e+33, 51210397858.743126, 1.2867584226361712e+33]
[2.657664035078698, 1.599801304159841e+33, 50807947426.24935, 1.3041904506224899e+33]
[2.600372053344344, 1.6570888216208196e+33, 51299596704.32232, 1.2615108458709034e+33]
[2.6480746734788245, 1.601415500988122e+33, 50572417460.89851, 1.3173693328217235e+33]
[2.5952051904215403, 1.6541593509531523e+33, 50916054318.62256, 1.298332168756402e+33]
[2.6468379467289, 1.6086700007975742e+33, 50847980539.34359, 1.2964261259189037e+33]
[2.6332927204927716, 1.6294756346707962e+33, 51087653827.01505, 1.3007849882404462e+33]
[2.6305701169479208, 1.6242594584673513e+33, 50787355344.60794, 1.3203772779977876e+33]
[2.7541497495600358, 1.534748914036745e+33, 51191093236.975075, 1.300661000284815e+33]
[2.6259705068621395, 1.6541791935673566e+33, 51641609754.25773, 1.2905962537557798e+33]
[2.6542890260242404, 1.6255118549852933e+33, 51342556915.595795, 1.3221385724488675e+33]
[2.67676086331929, 1.6071382964927525e+33, 51446240989.19984, 1.3027699632448166e+33]
[2.6660915434747183, 1.6297291808224126e+33, 51556806548.77033, 1.3555842387413693e+33]
[2.6605013711979444, 1.6063675252413376e+33, 51471481917.798744, 1.2244130467081453e+33]
[2.5927816692534504, 1.6625199671768895e+33, 51351155064.50899, 1.2473478596181161e+33]
[2.5619267145906544, 1.718000441404192e+33, 51846458242.71431, 1.3003489014880697e+33]
[2.620187451863583, 1.658624969238502e+33, 51818828977.52669, 1.2550516027017911e+33]
[2.6990859397264972, 1.5811228244293316e+33, 51231248532.9497, 1.3028316499600415e+33]
[2.633817338444427, 1.6341978240810106e+33, 51425503230.72189, 1.2626543283742794e+33]
[2.6394856419230988, 1.6132941675278023e+33, 50766032704.07022, 1.305082263720944e+33]
[2.661214671220554, 1.6105705894053e+33, 50981760172.858444, 1.3440906043305754e+33]
[2.6552589360326824, 1.6046052183693013e+33, 50865149229.71839, 1.3082112273457575e+33]
[2.641961778012214, 1.623272567789371e+33, 50801361076.50645, 1.3634558375027678e+33]
[2.6540726171812175, 1.6053218917594596e+33, 51052457232.87724, 1.2704142677328178e+33]
[2.559220389731846, 1.6947438170173126e+33, 51089395269.465, 1.3185826822435596e+33]
[2.6933352813483626, 1.5875682903130354e+33, 51476339485.73082, 1.2651076637963288e+33]
[2.6041757021293512, 1.6546306968266095e+33, 50932507616.636894, 1.3368259145467986e+33]
[2.6589934715009798, 1.6280225681961873e+33, 51731381382.086105, 1.2806284792389005e+33]
[2.5940869084041323, 1.6669878669224315e+33, 51295436433.92306, 1.2858917825796482e+33]
[2.752193946029754, 1.5376892690552537e+33, 51234553514.36449, 1.2998101659581788e+33]
[2.590052016825861, 1.6663983177513735e+33, 51050621175.272095, 1.3131941657704224e+33]
[2.6378078056574745, 1.6161707577279073e+33, 50786148955.67504, 1.3091397407916048e+33]
[2.691830331334679, 1.6089274833660453e+33, 51815727401.577194, 1.307362330686222e+33]
[2.6464575004530704, 1.6107111871121222e+33, 50707014549.562935, 1.3338353699481242e+33]
[2.628289498517113, 1.6372438515921747e+33, 51412392500.01536, 1.2572813907693358e+33]
[2.5816307208190947, 1.693502565950691e+33, 51744542167.03181, 1.280987216668331e+33]
[2.5871413723260375, 1.6933387215880893e+33, 51433910413.36614, 1.3653045815332004e+33]
[2.626661960619028, 1.6400992901804487e+33, 51311634430.65622, 1.2841695819583626e+33]
[2.6872346989187, 1.5933298921835793e+33, 51665399636.588875, 1.2338836826561257e+33]
[2.621696899892858, 1.632312605895423e+33, 51084455934.32002, 1.2662779563064306e+33]
[2.650761230172673, 1.6386919408197483e+33, 51661698410.561005, 1.3141291365543822e+33]
[2.573077256028759, 1.6715578135853113e+33, 50999883420.13418, 1.2769287399384409e+33]
[2.5886527326450377, 1.6826698853341693e+33, 51561218932.7853, 1.2913307932457134e+33]
[2.658740300211099, 1.591687898037427e+33, 50228875846.48078, 1.3821817628320655e+33]
[2.649319888361215, 1.603510931366865e+33, 50918006628.504036, 1.2663220389022234e+33]
[2.516030381864178, 1.6980835952888148e+33, 50439363827.13167, 1.2836200000908961e+33]
[2.645428393366148, 1.6230083604461045e+33, 51297424883.2824, 1.2788352516353845e+33]
[2.5526474105420025, 1.6761740289685878e+33, 51007596828.540565, 1.2147092917836659e+33]
[2.6029506328184855, 1.6606577599043491e+33, 51522191289.0588, 1.2483958212010715e+33]
[2.670504854832921, 1.6196162544363864e+33, 51459565704.84331, 1.3397647861229527e+33]
[2.5149820316016394, 1.7121105185812135e+33, 50706945302.27868, 1.297078568577782e+33]
[2.6491897628253285, 1.6176202159184288e+33, 51008875914.78869, 1.3230890489843047e+33]
[2.5326298756424435, 1.7053608752186935e+33, 50985845969.233894, 1.2818451940751001e+33]
[2.67703770719836, 1.60625843983496e+33, 51571743658.724434, 1.2751473140064403e+33]
[2.5873826039827357, 1.6652845677943216e+33, 51007700047.809525, 1.3042908007061388e+33]
[2.6974299745702246, 1.5769083986604324e+33, 51431451397.48683, 1.2351031311209954e+33]
[2.6648853106174952, 1.5872524238522408e+33, 50889951769.908195, 1.2528429382891205e+33]
[2.677496139108925, 1.6130129940465505e+33, 51473750262.766716, 1.332457431025509e+33]
[2.700560520814356, 1.5852110604876553e+33, 51210749279.13733, 1.336090885452056e+33]
[2.7007007399798435, 1.5692583086766033e+33, 51009378949.70234, 1.2885851353451308e+33]
[2.621755695350046, 1.6363627486912672e+33, 50901617278.1771, 1.3234322105789287e+33]
[2.5850414129876786, 1.6891227704907117e+33, 51409051544.934006, 1.3386884918046028e+33]
[2.63381307717052, 1.6356650480780286e+33, 51447626575.01601, 1.2659686391420627e+33]
[2.625260849340566, 1.6396613500049702e+33, 51489200517.529144, 1.2424494059469877e+33]
[2.659610903807509, 1.6181560747785362e+33, 51200024951.22587, 1.3345057523595862e+33]
[2.6532128915155293, 1.631043708517423e+33, 51211918212.88258, 1.3738897978366628e+33]
[2.6835747826237855, 1.582226832764303e+33, 50972735600.85867, 1.290829491333303e+33]
[2.7332206472122125, 1.5371901522802458e+33, 50965799882.936905, 1.2646873778689815e+33]
[2.7247983171425316, 1.5696859143850844e+33, 51381653595.195274, 1.3256709993468738e+33]
[2.646568925312279, 1.619918911524015e+33, 51099116542.40679, 1.305981980163432e+33]
[2.6178977031220954, 1.6400655058676838e+33, 51348634208.35962, 1.2399578027139638e+33]
[2.7646596483384345, 1.5322265757018863e+33, 51449791331.599625, 1.2838001170114882e+33]
[2.6628316599948487, 1.612878342196565e+33, 51372720038.977905, 1.2865144026203919e+33]
[2.559538041402703, 1.6827669324739722e+33, 50696349063.61271, 1.336404215478029e+33]
[2.5192806830575165, 1.7054315637619323e+33, 50775303912.470314, 1.2682540180763944e+33]
[2.7567227520690483, 1.5517294321919165e+33, 51612280104.21163, 1.3253464046660167e+33]
[2.668030524596055, 1.6095984559839748e+33, 51226081211.99475, 1.3205141607040588e+33]
[2.6773499590992222, 1.5825764927327144e+33, 50993525784.12102, 1.2617053498163922e+33]
[2.594280635148012, 1.6678821840234743e+33, 51283484116.58114, 1.293603439735819e+33]
[2.714769685749923, 1.5603285271192203e+33, 51269094879.749794, 1.2519782461059651e+33]
[2.6693749377299296, 1.62077029671455e+33, 51580742572.06816, 1.3169402904057843e+33]
[2.624677619543225, 1.6444126857308523e+33, 51291091412.05493, 1.302023535301772e+33]
[2.653050123305177, 1.6106901853664054e+33, 50941770315.38221, 1.3161222023375498e+33]
[2.6287295887483215, 1.6359249883635816e+33, 51141696306.03483, 1.304306650281515e+33]
[2.628003453636995, 1.63812689601142e+33, 51176890469.52993, 1.3058452955053883e+33]
[2.6431018070295895, 1.6376433084845652e+33, 51563248119.70825, 1.2940920022124838e+33]
[2.6938901726078788, 1.5937152046712677e+33, 51366889296.11178, 1.321846091654865e+33]
[2.7241467943692808, 1.556822865789245e+33, 50889595433.564, 1.3488107544732688e+33]
[2.6324617925445484, 1.5971472198184415e+33, 50391691185.43446, 1.2623331629559396e+33]
[2.69590432257622, 1.5737224873057002e+33, 51061876582.73022, 1.2815741602933207e+33]
[2.559795880611004, 1.669476750119915e+33, 50568465149.40199, 1.2941048111069306e+33]
[2.599507279419925, 1.667083281360683e+33, 51036543354.82612, 1.361585994941003e+33]
[2.6212134515297185, 1.6403969663193263e+33, 50906507767.541405, 1.341722779638322e+33]
[2.628939190541364, 1.6344069128529164e+33, 51260019577.55483, 1.2743926867624128e+33]
[2.6459161715203714, 1.610386576320033e+33, 51190856888.4504, 1.2359787113557596e+33]
[2.6194392808823674, 1.644176660163126e+33, 51144763952.48677, 1.3065444983433948e+33]
[2.5519467216952614, 1.7102387670810926e+33, 51224234061.881805, 1.3400310821055965e+33]
[2.5799560438312628, 1.660395436892277e+33, 50832707512.92099, 1.2815195801099144e+33]
[2.630647733227572, 1.6295820411143722e+33, 51049912992.8123, 1.2971933759154133e+33]
[2.607616173020073, 1.647682569116778e+33, 51118654574.84489, 1.278796573029894e+33]
[2.5808480066106427, 1.6670807277152456e+33, 50938742716.97208, 1.2989599562052382e+33]
[2.6752127745561007, 1.6106377497140627e+33, 51415006277.257866, 1.3208991358236827e+33]
[2.6210007115030436, 1.6355250522717302e+33, 50906237321.85047, 1.3147147247828853e+33]
[2.6829672391325166, 1.608303331632279e+33, 51641953844.156166, 1.2984227202987018e+33]
[2.637576138510219, 1.6394398394219344e+33, 51309205401.24214, 1.329005610730645e+33]
[2.624798359659394, 1.6527568555961447e+33, 51777449108.04566, 1.2526899086754771e+33]
[2.639657501178648, 1.6211644169952727e+33, 51167323453.55748, 1.2693751660671349e+33]
[2.6558262527763214, 1.602630911930215e+33, 50775371851.755684, 1.3178572388082165e+33]
[2.6633849708918382, 1.601991790674438e+33, 50734391015.10962, 1.356749583506988e+33]
[2.6468718839173246, 1.6353496254511543e+33, 51361247179.45315, 1.3382674672910663e+33]
[2.6199144137684214, 1.6258762225635213e+33, 50835017303.85771, 1.2732698503666116e+33]
[2.569862734373407, 1.692046771023578e+33, 51167318950.20356, 1.3354106208809208e+33]
[2.5468068744100285, 1.6950632746203594e+33, 50815955202.48544, 1.321103220532703e+33]
[2.6185061283319584, 1.6523885012922052e+33, 51372683235.78582, 1.3009124291915396e+33]
[2.695783825915625, 1.5855371106884027e+33, 51394328760.60376, 1.2805535886337087e+33]
[2.634114814061683, 1.6310290686562855e+33, 51115006954.800995, 1.307241596136572e+33]
[2.637465102102281, 1.650219119226877e+33, 51959316443.15263, 1.2594504549031088e+33]
[2.605464606971463, 1.653400081039215e+33, 50871588825.410675, 1.3483126481311355e+33]
[2.5166109695625796, 1.7209053170256187e+33, 51035175903.261955, 1.2835906572807214e+33]
[2.7250982297090562, 1.576418804015206e+33, 51510589723.606804, 1.3391201695837877e+33]
[2.58192047128357, 1.6974013416796786e+33, 51740996942.617226, 1.3025351565847513e+33]
[2.6631186101581115, 1.6260252613378916e+33, 51567713683.13339, 1.3198503850606664e+33]
[2.6186718206385553, 1.648827353891127e+33, 51640273169.988075, 1.2329445449006253e+33]
[2.5345984515462323, 1.700175178790532e+33, 50797194083.22491, 1.3007345127578255e+33]
[2.749911050965807, 1.5398311469281786e+33, 51094241851.51309, 1.3292737122445317e+33]
[2.678743473959968, 1.5889474620608445e+33, 51136763095.521774, 1.2740918040964815e+33]
[2.6420571787342273, 1.6120678129441678e+33, 50888040432.43685, 1.2858597598511703e+33]
[2.674804676554485, 1.5905180559550246e+33, 51405964323.90116, 1.2152734325765246e+33]
[2.6395434996619085, 1.6349381908229387e+33, 51083336815.63202, 1.358976703276136e+33]
[2.701906806712116, 1.5982679905031388e+33, 51808933026.79243, 1.2960674493290577e+33]
[2.572706796029818, 1.6740009473811312e+33, 50938148897.78438, 1.299777007644747e+33]
[2.6578931632759035, 1.6164845174386214e+33, 51016752811.44267, 1.3545565417912478e+33]
[2.595760405656135, 1.665581926335858e+33, 51406770922.62747, 1.2646225005725934e+33]
[2.6568585499500506, 1.6202270074593527e+33, 51077231747.39897, 1.358219424614555e+33]
[2.6155985548746745, 1.6407752094857413e+33, 51059313110.710075, 1.2887756578821923e+33]
[2.4994268048948327, 1.7162119558812654e+33, 50524643322.73882, 1.2893900302200402e+33]
[2.613498969445011, 1.6228497167726942e+33, 50556216010.56713, 1.2841236475095558e+33]
[2.7018873275905158, 1.5866558172201834e+33, 51569697309.16985, 1.279627873203355e+33]
[2.6392662884560303, 1.5943904276902626e+33, 50253848950.83202, 1.3040405828961402e+33]
[2.5302288864896707, 1.6727794822631175e+33, 50326862711.85748, 1.2372700562147413e+33]
[2.6084705127409595, 1.6626134739049743e+33, 51204824975.32318, 1.3437679740687016e+33]
[2.6137981823305516, 1.6436100062137065e+33, 51251296489.7369, 1.2589234466695573e+33]
[2.691592314124014, 1.5863390903488118e+33, 51262998399.987915, 1.291825701903634e+33]
[2.6788862443565002, 1.564169810206969e+33, 50405318448.8607, 1.2833290809775528e+33]
[2.6657590565772455, 1.6421838281062154e+33, 51933882958.609566, 1.346466802339819e+33]
[2.59482786273011, 1.6724493200510788e+33, 51526274175.35422, 1.2726019839376654e+33]
[2.561548037415954, 1.700332407442537e+33, 51273366827.74971, 1.3209517743413906e+33]
[2.637515142195471, 1.6215630084325574e+33, 51010693618.48422, 1.2924275312489709e+33]
[2.6072481341636857, 1.6339188706884398e+33, 50946484521.53461, 1.2399685902144049e+33]
[2.612042039470079, 1.673415173139178e+33, 51654630290.47427, 1.3271838426138373e+33]
[2.6561870844896855, 1.632034147679913e+33, 51637294513.3092, 1.3075587954093094e+33]
[2.651338646144458, 1.6098671353245772e+33, 51058161733.3638, 1.281442704628514e+33]
[2.5941066979180505, 1.673316631113591e+33, 51623413488.542435, 1.2556212204716065e+33]
[2.5863230240342787, 1.6710279773055942e+33, 51172104776.58399, 1.2972044188602354e+33]
[2.589475526639178, 1.6798680803400464e+33, 51176394584.388405, 1.356428285548332e+33]
[2.689857865710553, 1.583696127868802e+33, 50742335400.7648, 1.3738508644731943e+33]
[2.580943774995263, 1.6487776749051896e+33, 50250159537.90974, 1.3409405479441202e+33]
[2.6456513418972087, 1.6348533857691668e+33, 51191975674.81148, 1.3642521129451363e+33]
[2.6459091203979272, 1.6003796579138798e+33, 50878417282.64791, 1.2431447922071928e+33]
[2.6401953036639303, 1.6040362670035367e+33, 50794917766.59465, 1.2537804797471743e+33]
[2.6394396749717024, 1.6166108248673784e+33, 51126687374.12231, 1.2526598099555477e+33]
[2.5774978880415453, 1.6656130316767105e+33, 50684833258.170265, 1.3271537612080068e+33]
[2.5424443834065444, 1.6834682062248485e+33, 50771883472.13411, 1.2530510892589731e+33]
[2.6607419968811383, 1.6100548739506808e+33, 50991504503.0551, 1.3371430572904798e+33]
[2.7164800049519995, 1.5705155810522018e+33, 51713127432.49251, 1.2303675972957204e+33]
[2.6292401440075563, 1.6446173374553882e+33, 51441453500.796295, 1.2937470819267263e+33]
[2.579210183225716, 1.6643512994485227e+33, 50414769987.270546, 1.3835350941746128e+33]
[2.494595119449702, 1.730903878997606e+33, 51072881199.48642, 1.2366956560940278e+33]
[2.7326540757913933, 1.5610762200262608e+33, 51195556345.908966, 1.3504646522665467e+33]
[2.5550782037465787, 1.69379729191472e+33, 51136687557.73616, 1.286892210803022e+33]
[2.6340085573372223, 1.6472489994178738e+33, 51270199888.58524, 1.3630199393984263e+33]
[2.61969903532033, 1.6366925559019945e+33, 50858299933.27536, 1.3247455001993443e+33]
[2.63892176452938, 1.6369401041248798e+33, 51174423438.48906, 1.3485862902584242e+33]
[2.5717415905675294, 1.6680388637787454e+33, 50399741191.70346, 1.3729344755150762e+33]
[2.691192726227409, 1.586675719449548e+33, 51250086996.477905, 1.29439111313257e+33]
[2.7502422919148533, 1.5212472384649734e+33, 50544413210.30885, 1.3345954438291064e+33]
[2.619540118469321, 1.630128131762499e+33, 51153136564.1964, 1.2332483279694513e+33]
[2.567833600464078, 1.6687187515812615e+33, 50491605030.86603, 1.340232270292759e+33]
[2.7400939837713976, 1.5586914331775804e+33, 51429115191.19873, 1.324428338043941e+33]
[2.552949626214376, 1.6860674207995432e+33, 50721672383.3665, 1.319921990553922e+33]
[2.5928564466665907, 1.646390115710192e+33, 50969999039.71175, 1.2386040190729802e+33]
[2.546934935206139, 1.730433052452223e+33, 51705360994.95537, 1.3260691388379982e+33]
[2.6426601590992895, 1.602487866262481e+33, 50865818967.929756, 1.2427502406001387e+33]
[2.6615745860954796, 1.6083928738600012e+33, 51087059510.582214, 1.3127518989379504e+33]
[2.600704740312798, 1.6522268484633807e+33, 51097710014.6364, 1.2766907182500117e+33]
[2.6764541660561445, 1.6038159194355396e+33, 51387135303.61663, 1.2951030797077369e+33]
[2.519397188191223, 1.6972255103359338e+33, 50488917292.47169, 1.2834245190119398e+33]
[2.542713827277779, 1.712640324358595e+33, 51019448791.7069, 1.3534176926652056e+33]
[2.6503951622515016, 1.6331349246156418e+33, 51514142332.45191, 1.3118578017341513e+33]
[2.641951003176702, 1.6238965763713927e+33, 51132869902.58366, 1.300264872270765e+33]
[2.666069419578107, 1.6152100020987592e+33, 51573659413.35756, 1.27434082876103e+33]
[2.710006282473972, 1.5748119720045801e+33, 51198045570.2182, 1.3235776858243905e+33]
[2.5991211563439163, 1.6460364011274082e+33, 50630419973.08289, 1.3294074189974768e+33]
[2.545776323584778, 1.684999845186875e+33, 50836911067.17835, 1.2618800872215839e+33]
[2.6167740907281187, 1.6485532888528628e+33, 51095335816.54278, 1.3277428570376364e+33]
[2.578143269610644, 1.680710985841827e+33, 51061745966.022446, 1.333674787841715e+33]
[2.589082437352789, 1.6564318143237213e+33, 50907871027.43438, 1.285419543618107e+33]
[2.632740109506046, 1.6263834062584486e+33, 51566226835.112404, 1.1933755766242914e+33]
[2.707963585343522, 1.559460509835338e+33, 50770405185.8795, 1.3139095188296555e+33]
[2.5938361392454072, 1.671763634529105e+33, 51565563240.62679, 1.2575961717440239e+33]
[2.6227667938106336, 1.629124955830503e+33, 51059799263.653076, 1.259145152804787e+33]
[2.709639141628171, 1.5576930758957008e+33, 50737358187.41096, 1.3181607856580754e+33]
[2.6289537764549866, 1.6332599440556929e+33, 50968407007.3038, 1.3253957524456078e+33]
[2.5447986536995795, 1.6711294530765244e+33, 50699178434.169586, 1.2159922715455223e+33]
[2.5994444614130385, 1.657232849960612e+33, 51217188415.458534, 1.2739890368421096e+33]
[2.629482992679251, 1.6318830907073296e+33, 50858900431.15802, 1.3423531913119e+33]
[2.584983723281129, 1.651990191445358e+33, 50858765120.77422, 1.2550240845665918e+33]
[2.6924330789309634, 1.5728998823247894e+33, 50828754960.55185, 1.307370957290428e+33]
[2.558339835925521, 1.6946406060780342e+33, 50747815318.38394, 1.3835942714037413e+33]
[2.629227807298136, 1.641638358960767e+33, 51264358613.17233, 1.3125874378487616e+33]
[2.673076092638304, 1.5899822416508577e+33, 51182335284.00002, 1.2466441010662872e+33]
[2.587447315268479, 1.6616689928412927e+33, 50868784765.49898, 1.3131637972724064e+33]
[2.599868737656466, 1.6483302518771453e+33, 50870678994.12689, 1.2970300793082172e+33]
[2.5136186523130317, 1.728669513202566e+33, 51128000029.56182, 1.2916851475310845e+33]
[2.7312590758660407, 1.5919974935139833e+33, 51898820695.61745, 1.377877971959055e+33]
[2.600294800165046, 1.6490803708807743e+33, 50537537557.99646, 1.3701555480555184e+33]
[2.6671262503989404, 1.6056231545731722e+33, 51297346456.7149, 1.2813294843185034e+33]
[2.6544857619484037, 1.6014055103532995e+33, 51035994311.67516, 1.25487139513832e+33]
[2.649722467861778, 1.609284765707233e+33, 51117322704.20138, 1.2601473158669421e+33]
[2.6100548749690944, 1.65524185080101e+33, 51163466045.87268, 1.319951005056566e+33]
[2.6403526727131332, 1.6315489552374118e+33, 51288259139.825775, 1.3034103398066107e+33]
[2.6016567807805244, 1.6373071105998544e+33, 50593886522.988396, 1.3015432365851914e+33]
[2.595454671768798, 1.665349870018397e+33, 51027891621.990486, 1.3359344057131739e+33]
[2.5894789407916683, 1.681991487616567e+33, 51449919332.08738, 1.3130170075487805e+33]
[2.6791674260331693, 1.6133349844018413e+33, 51458324249.87352, 1.3448908185877513e+33]
[2.6229156089922023, 1.6433295014932637e+33, 51195777846.19719, 1.307281295085419e+33]
[2.656435512761914, 1.6579755074002012e+33, 51960397826.988945, 1.384512637804308e+33]
[2.6296937955152186, 1.6325042765521402e+33, 50946314071.823944, 1.3290453794331754e+33]
[2.568194642711164, 1.6724324053879055e+33, 50707074614.64256, 1.3179121965350466e+33]
[2.620591982452666, 1.6372764826746895e+33, 50579018215.1924, 1.3893232517087487e+33]
[2.588204002421059, 1.6694014665318905e+33, 51419606262.25985, 1.2497458625585942e+33]
[2.6146903249622495, 1.6394596694546162e+33, 50975378363.0822, 1.2943282262237392e+33]
[2.633619718121774, 1.6130358201936356e+33, 50706258093.26947, 1.2898809575621194e+33]
[2.6782712462616773, 1.5798523650547742e+33, 50736518748.90679, 1.3009143178732617e+33]
[2.694196219573887, 1.5780919684304492e+33, 50898220394.49511, 1.3302149176012446e+33]
[2.5402255506098417, 1.7042932798584098e+33, 51076845387.19318, 1.2887788541856832e+33]
[2.616337663623316, 1.671040702403489e+33, 51549501257.5762, 1.354775070180425e+33]
[2.6159255538906043, 1.6461210358953584e+33, 51164605771.72743, 1.2975516482810734e+33]
[2.6602854375607907, 1.6136590854703317e+33, 51310074759.174805, 1.2916480311149234e+33]
[2.675810363864826, 1.6139818465287325e+33, 51566818489.892166, 1.311800732818504e+33]
[2.6327185445430663, 1.6336419190874716e+33, 51281411820.937584, 1.2825450532686614e+33]
[2.5989442489606467, 1.6658052142471452e+33, 50980721866.56286, 1.3635735657018308e+33]
[2.633096391265016, 1.603528096136858e+33, 50105918101.01636, 1.356897933064571e+33]
[2.6867074491681744, 1.5902145528309197e+33, 51353053233.22377, 1.2739123036258166e+33]
[2.672532493517756, 1.59669787170391e+33, 50911870630.08838, 1.3328242384841076e+33]
[2.67969206864266, 1.6014653609402546e+33, 51262941678.54159, 1.321106605890765e+33]
[2.558879253447158, 1.6896959285618865e+33, 51306106027.98867, 1.2501216830320361e+33]
[2.65237952638571, 1.6218400259424097e+33, 51316210518.77072, 1.2992570941634643e+33]
[2.663643482762458, 1.622576530359917e+33, 51148113801.74475, 1.3881768612624182e+33]
[2.5669331321071907, 1.6838228504778474e+33, 50845832649.81241, 1.3441693120682706e+33]
[2.614760394641484, 1.6589588240606384e+33, 51315883829.11954, 1.3301392907397376e+33]
[2.6140349340621936, 1.6477246079897036e+33, 50906620307.20625, 1.3490666771174256e+33]
[2.614353658377076, 1.6664034349965474e+33, 51557984300.62737, 1.3196859312144334e+33]
[2.693718666970816, 1.573131641209113e+33, 51026061974.56183, 1.2757709939051102e+33]
[2.6070336126886415, 1.6426786027018023e+33, 50922626704.87066, 1.2883628394645504e+33]
[2.7123748244049404, 1.557971820244114e+33, 51206188033.77302, 1.2410290823221285e+33]
[2.56993014276897, 1.668331547118272e+33, 50812906640.184456, 1.2834151713068724e+33]
[2.5620272078304756, 1.668759168504191e+33, 50473897476.684265, 1.3187051805233047e+33]
[2.5950947712356, 1.654062755010813e+33, 50870051849.95776, 1.3063910192527933e+33]
[2.7498109817969745, 1.5373939226603648e+33, 51044190392.97773, 1.3248952509093367e+33]
[2.5302071189513025, 1.709886793317949e+33, 51336485216.28961, 1.2280805388177128e+33]
[2.688897636434779, 1.6083506694112802e+33, 51690194013.03772, 1.3156291551543857e+33]
[2.713564431282838, 1.5828598584800213e+33, 51825089973.01305, 1.2618714218509104e+33]
[2.712424256740274, 1.5709740629845197e+33, 50965715807.40797, 1.359934726112877e+33]
[2.5105890062301777, 1.72489370947627e+33, 50975967612.17243, 1.2901026318852097e+33]
[2.6352513443692582, 1.6323876113069244e+33, 51288953893.06409, 1.2854866522738777e+33]
[2.690512098993052, 1.6002024929775562e+33, 51462508998.8322, 1.3232964420464902e+33]
[2.5541442534252625, 1.7118875234326552e+33, 51252509039.26074, 1.3525395164136315e+33]
[2.6750707167688947, 1.5834272122586985e+33, 50427488771.52802, 1.3690945995169865e+33]
[2.6208099789603976, 1.6416129589877325e+33, 50871514287.83665, 1.3536159706307576e+33]
[2.6605384433435186, 1.6272111941793574e+33, 51517321224.02425, 1.324638681776131e+33]
[2.667561283581077, 1.583105085744727e+33, 50663541440.66371, 1.2859029567923545e+33]
[2.5633151576114828, 1.6805185872795573e+33, 51295616074.25707, 1.225456233961717e+33]
[2.633999646544614, 1.6181234017771228e+33, 50686618311.15115, 1.3226564406581137e+33]
[2.703107652414521, 1.5789005060903302e+33, 51459962421.24422, 1.2644724813096758e+33]
[2.621283608485226, 1.6131785617794863e+33, 50254174019.82974, 1.3265812569504243e+33]
[2.684445730204766, 1.5996860235377127e+33, 51461552692.65751, 1.2937036520780656e+33]
[2.6445512089167162, 1.6389305888702832e+33, 51459288896.47449, 1.3276189244036632e+33]
[2.6230039596780603, 1.6496815846900137e+33, 51245408933.052315, 1.3315090288523443e+33]
[2.616246849011464, 1.617807777258911e+33, 50566791305.52258, 1.2675078135594058e+33]
[2.6382168862980784, 1.6438386959213238e+33, 51296596571.612854, 1.3582245931548863e+33]
[2.6593536512183586, 1.622213211089727e+33, 51282349463.03396, 1.3389856668729648e+33]
[2.691212559867105, 1.5971614206972828e+33, 51488881578.82299, 1.3047014044183364e+33]
[2.6353949142352295, 1.6198245201789812e+33, 51108366085.387726, 1.2555577873687936e+33]
[2.611712177302217, 1.632203388810976e+33, 50710837276.26475, 1.2952122032993129e+33]
[2.6468503483368693, 1.628949094999008e+33, 51260353239.86686, 1.3237564452758756e+33]
[2.6590951513727865, 1.6154559823466868e+33, 50957146945.83338, 1.3665613557167785e+33]
[2.7127485003926517, 1.5888838338992014e+33, 51317192134.948006, 1.391954600859013e+33]
[2.632797993274352, 1.6097918328499134e+33, 50652775843.18842, 1.2796351456003814e+33]
[2.699600380153856, 1.586503862211152e+33, 51146984586.4431, 1.3518156856025643e+33]
[2.574502685460086, 1.6610026088184458e+33, 50904741912.92661, 1.2480554430759693e+33]
[2.6779614556890405, 1.5859179585176722e+33, 50970976253.45868, 1.2865000332373809e+33]
[2.590705968503645, 1.6625556538155546e+33, 51608655298.45219, 1.192197331420017e+33]
[2.5341087233792203, 1.705705665487233e+33, 50803667461.63478, 1.325545744037378e+33]
[2.5945006098020102, 1.6618873971320075e+33, 51125157537.54148, 1.2944595205416757e+33]
[2.674799853310805, 1.583435664863918e+33, 50930123729.09687, 1.2674234137169422e+33]
[2.6082371517607243, 1.6524983234431412e+33, 51230163529.29149, 1.2847439067768878e+33]
[2.6472702320365378, 1.6120963065439657e+33, 51050554300.460045, 1.2770848486460813e+33]
[2.6706775079723157, 1.6122249593897942e+33, 51356875687.1145, 1.3207074449845222e+33]
[2.5775771366881894, 1.6863741670775564e+33, 51189954153.48161, 1.3351661688261434e+33]
[2.7382939656644734, 1.567645203455512e+33, 51825594712.841324, 1.2886437423807295e+33]
[2.7198794101057104, 1.5674646133333314e+33, 51645673554.40809, 1.2412842540748966e+33]
[2.678560844934656, 1.5956110284650782e+33, 51112167066.27313, 1.3139491545822545e+33]
[2.6543117619809977, 1.6233097282677904e+33, 51490345700.97091, 1.2817950793222964e+33]
[2.513755471190467, 1.7066693313551947e+33, 50796809675.79314, 1.2480723573903572e+33]
[2.6887945721063655, 1.5858103609721144e+33, 50929474026.27313, 1.342505820388934e+33]
[2.550751079986805, 1.6968497569507458e+33, 51030941065.79028, 1.3045904499097885e+33]
[2.651502370817471, 1.6334117233798908e+33, 51530714391.60875, 1.3149843018337554e+33]
[2.6383854555476205, 1.6320163958398832e+33, 51320052179.82894, 1.291112489460975e+33]
[2.6578911447516638, 1.6074921484861446e+33, 50898513740.065, 1.328963444526323e+33]
[2.723436028063132, 1.5814292348110166e+33, 51540820515.675995, 1.353640270594744e+33]
[2.560518931319386, 1.6905824062225846e+33, 51009786885.94213, 1.3185437643261633e+33]
[2.612111588108336, 1.6373363318054304e+33, 50875787011.96999, 1.2915339906855114e+33]
[2.6829991183658, 1.616982197287505e+33, 51544241223.17765, 1.365364022431055e+33]
[2.6233316261523854, 1.6559311089011557e+33, 51276549702.89352, 1.360332729995115e+33]
[2.6678723969739395, 1.6265322825653854e+33, 51534942845.06986, 1.350569894006816e+33]
[2.5944846417629193, 1.655625830448871e+33, 51367898544.131355, 1.2173145797136324e+33]
[2.677186982633673, 1.6158153476475362e+33, 51693017437.55027, 1.3031580945548007e+33]
[2.6482261010603514, 1.6136280809858803e+33, 51112231812.01402, 1.2773721128295986e+33]
[2.6444255200317066, 1.6413356839170944e+33, 51704283828.408035, 1.2919804544097282e+33]
[2.641885065966527, 1.611964010164111e+33, 51078878546.26903, 1.2481031436747491e+33]
[2.726538863848151, 1.570964879649775e+33, 51320679864.578835, 1.3531415380477063e+33]
[2.5819383929955166, 1.6834037852013075e+33, 51501680214.51932, 1.2778963923861144e+33]
[2.6004325795708456, 1.6826542978137278e+33, 51621756113.163445, 1.3306667196680277e+33]
[2.578066136586594, 1.6830545039399466e+33, 51275086474.620995, 1.303307430542733e+33]
[2.603864041940237, 1.6511561433953103e+33, 51117241123.063286, 1.2809001037294199e+33]
[2.558002251282203, 1.713970001368998e+33, 51443967477.46399, 1.3418230603347102e+33]
[2.620630443518933, 1.6394481426343922e+33, 50999264945.60422, 1.3154815371665558e+33]
[2.585704211062037, 1.6747169436553498e+33, 51244900700.41162, 1.2993056405294314e+33]
[2.5729091751837125, 1.670914009820218e+33, 51081907428.659515, 1.257358147317328e+33]
[2.6685650246217927, 1.5982867111289765e+33, 50940064273.25037, 1.318105760767172e+33]
[2.714134288180818, 1.5936877023454378e+33, 51621853900.19697, 1.3633351817361672e+33]
[2.501688882487016, 1.7551421863638582e+33, 51394600317.13597, 1.321218992101717e+33]
[2.6170420412850994, 1.630937113140209e+33, 50859535565.38479, 1.2825435860437113e+33]
[2.6511742666512528, 1.5987523749595833e+33, 50760790780.72472, 1.279507840827684e+33]
[2.6519477981223374, 1.6181003206688358e+33, 51106096180.969, 1.3186312072707186e+33]
[2.621828346404241, 1.6151821300919774e+33, 50529941287.17631, 1.284777432762917e+33]
[2.5360531119917793, 1.717105098723005e+33, 51249320904.24068, 1.303550298531805e+33]
[2.582537114855852, 1.6877943891221104e+33, 51174509708.7137, 1.3679038421322547e+33]
[2.6828622847240116, 1.5828756857937276e+33, 51042587464.38667, 1.2776722315203994e+33]
[2.772568396373537, 1.535995900065672e+33, 51498516925.002815, 1.3318739414961483e+33]
[2.599985852267715, 1.651689468485336e+33, 51025789555.38834, 1.2847298131206535e+33]
[2.6666232638742065, 1.6115663966925095e+33, 51503821290.17274, 1.2709532222183786e+33]
[2.5301191607098357, 1.7126791548186917e+33, 50895309098.46958, 1.3259917907768106e+33]
[2.598175809711412, 1.6607610978985174e+33, 51129535396.04364, 1.303636589220921e+33]
[2.6627508345215003, 1.6168024920171432e+33, 51426551116.79696, 1.2965413896067698e+33]
[2.6248729894719265, 1.6201854103406175e+33, 50948497403.07636, 1.2433714966835757e+33]
[2.664627153692841, 1.598889343314844e+33, 50691239235.82132, 1.3539225688482303e+33]
[2.619232255180503, 1.654357561556863e+33, 51145801237.93122, 1.3597991436872234e+33]
[2.616823676225314, 1.6564832127418475e+33, 51452253564.14447, 1.2994299348096576e+33]
[2.646188911510419, 1.6238714817051823e+33, 51355983132.024734, 1.2753984827285396e+33]
[2.636471300038622, 1.6262223245564622e+33, 50615472248.55365, 1.3933533635130746e+33]
[2.6890949270078535, 1.5920804612857453e+33, 51234768938.192055, 1.3174850589067294e+33]
[2.664619661365331, 1.6165311176366561e+33, 51215453518.50414, 1.3451635597815307e+33]
[2.6356798168581257, 1.6327139361746923e+33, 51305239407.48493, 1.2859008442659822e+33]
[2.5460648320056896, 1.6970201856615794e+33, 50986017608.99377, 1.2944073267552785e+33]
[2.645002404990964, 1.5943138775493534e+33, 50641902842.78148, 1.2526773082089422e+33]
[2.5734665906404994, 1.705817950209815e+33, 51679250417.441185, 1.320855832498089e+33]
[2.5890073772613884, 1.6949051953824514e+33, 51662474516.79099, 1.3359785517360663e+33]
[2.5628620207140944, 1.6914785440761766e+33, 51264659995.7732, 1.2833424809617437e+33]
[2.619089829848955, 1.670162271781398e+33, 51470776971.33642, 1.3785974043440216e+33]
[2.6663128268170686, 1.606781455017613e+33, 51287372596.3078, 1.2858471399332304e+33]
[2.6222065241231314, 1.6472878780092914e+33, 51577311387.73803, 1.2516180524704242e+33]
[2.5875805617906154, 1.6601173523529695e+33, 51106738550.49385, 1.2596846035899442e+33]
[2.7106668259870674, 1.5766685934083704e+33, 51351493955.66084, 1.3065307698489983e+33]
[2.7108609492214315, 1.584942242372404e+33, 51632620444.40676, 1.2978373568989886e+33]
[2.619691909634126, 1.646238868557204e+33, 50928436569.36239, 1.3621326881598724e+33]
[2.615831890213763, 1.666051996131674e+33, 51615082967.57161, 1.3131620599428018e+33]
[2.6647325789751326, 1.5956346203103442e+33, 51106291051.14565, 1.2550268140060982e+33]
[2.618796292483934, 1.6163772364641562e+33, 50578997744.243835, 1.2685429981613846e+33]
[2.614471300290317, 1.6549999063773247e+33, 51415788082.52599, 1.2886395899838866e+33]
[2.6119623401279752, 1.61959467522586e+33, 50487336463.71944, 1.2739623523220737e+33]
[2.6323798535972562, 1.6303849079767912e+33, 51046451871.42534, 1.3096953300919055e+33]
[2.6098310093467143, 1.6543921335825106e+33, 51347030446.43731, 1.2788327009469503e+33]
[2.6633184736299143, 1.61890324115926e+33, 51664152390.3104, 1.264612197231176e+33]
[2.5935168709205176, 1.6837797121580124e+33, 51491864838.75543, 1.3317215394721542e+33]
[2.6123811991377393, 1.623726804363986e+33, 50646144584.451996, 1.2664975716115503e+33]
[2.7129583554885848, 1.5667941403068557e+33, 51243559690.85243, 1.2837454927654883e+33]
[2.602041942422021, 1.6757353174186963e+33, 51703024733.44571, 1.2862415510009962e+33]
[2.670650284466018, 1.6008580968976119e+33, 50944167056.611145, 1.3408061327166948e+33]
[2.6842822986865116, 1.6037669840508514e+33, 51368581960.47839, 1.3333927209145688e+33]
[2.6290546826046763, 1.6036970346869638e+33, 50226763412.49578, 1.314996974204395e+33]
[2.5600567136756314, 1.676379551844899e+33, 51176743748.34771, 1.2142477617330871e+33]
[2.649319735101086, 1.610358005806027e+33, 51112960887.56668, 1.2648383840857243e+33]
[2.5685067118972196, 1.691915926111692e+33, 50923654252.15494, 1.3783089463676137e+33]
[2.659816974628127, 1.613582582896305e+33, 51181220229.1913, 1.314365507657586e+33]
[2.688592239992599, 1.6030879102753693e+33, 51849048449.20073, 1.256028115616563e+33]
[2.6569259860037513, 1.6165564525947083e+33, 51156220074.63113, 1.3225134599333352e+33]
[2.6289074154557652, 1.6415249949285114e+33, 51197988409.736244, 1.323684408627088e+33]
[2.668156529745226, 1.5953768444435215e+33, 51180937901.2789, 1.2541341668802177e+33]
[2.6256283402588854, 1.6411934520261162e+33, 50893668819.34845, 1.368701897270049e+33]
[2.647859235496805, 1.6096166702156853e+33, 51143388660.21001, 1.2490548951485958e+33]
[2.672957801197776, 1.609507951921887e+33, 51190523361.08733, 1.3493972994373427e+33]
[2.541419719593364, 1.6976831392084387e+33, 50837017759.39176, 1.3073388219877694e+33]
[2.596032613171499, 1.655551260667121e+33, 50975025495.79731, 1.2975805219026791e+33]
[2.6908790326897356, 1.596386778420902e+33, 51628323123.73711, 1.2722840208008337e+33]
[2.61293710842521, 1.6489930251004232e+33, 51364444869.47688, 1.2612151395901951e+33]
[2.7082306215327914, 1.5748242488222384e+33, 51438204670.115746, 1.2690765601035299e+33]
[2.582534267109465, 1.6722752036451814e+33, 51023827496.46476, 1.316381912634167e+33]
[2.6787436699246987, 1.6060713940050976e+33, 51635364259.577065, 1.2694608425753956e+33]
[2.7043708570607277, 1.5791708979831063e+33, 50997305697.932686, 1.362868941840037e+33]
[2.6414753557697015, 1.6423967445368434e+33, 51542325722.15475, 1.3160475622605144e+33]
[2.621036651922599, 1.6501764144393408e+33, 51363494308.01317, 1.3021826211637243e+33]
[2.6229429707574266, 1.6441586644381896e+33, 51254542224.19791, 1.3002621499655077e+33]
[2.5927461152094193, 1.653348861863466e+33, 50897269680.39603, 1.2872537204326894e+33]
[2.5623526458940455, 1.7040704069056937e+33, 51524079304.25649, 1.2944475813512131e+33]
[2.6911722384394796, 1.5725970505394862e+33, 50877219762.29466, 1.2906080406987256e+33]
[2.6972001365545784, 1.6111612287674935e+33, 51914359662.8719, 1.3242605177888196e+33]
[2.704287552080403, 1.5839465951749216e+33, 51430296066.71065, 1.302487765256326e+33]
[2.658829470068546, 1.6057029694720998e+33, 51051342799.2211, 1.2932362803030964e+33]
[2.593977365903131, 1.662910958275321e+33, 51021213161.699745, 1.317915250546732e+33]
[2.6436532463481144, 1.6196360508043603e+33, 51111736305.60786, 1.289280918043821e+33]
[2.689709776150108, 1.6229964293301868e+33, 51725552012.01077, 1.393426226926205e+33]
[2.6697049668584185, 1.6104756140653913e+33, 51420944835.31153, 1.2944724487497154e+33]
[2.6862380215650403, 1.6220271284404953e+33, 51931140172.53973, 1.330517516665492e+33]
[2.561536534002098, 1.6844060865287917e+33, 50791906993.57554, 1.334440571903097e+33]
[2.766009583669034, 1.5333919066579608e+33, 51272303324.92306, 1.3313936528756292e+33]
[2.6076784029353504, 1.6594928686186336e+33, 51154445510.058205, 1.3337312661166186e+33]
[2.6169336756669783, 1.651457733999325e+33, 51164538459.28359, 1.3301060728805027e+33]
[2.509868636704522, 1.713250826354171e+33, 50949559339.024254, 1.2357142500632474e+33]
[2.5987688627485643, 1.6426872634611853e+33, 50814891440.94765, 1.2739979108121524e+33]
[2.7027797135610223, 1.5696343194293855e+33, 51388496099.119705, 1.2277547123884954e+33]
[2.548813506179305, 1.6880853210987116e+33, 50989328598.01566, 1.260624851477918e+33]
[2.7135789894185742, 1.5685330020108763e+33, 51454424672.22058, 1.2556222340631806e+33]
[2.7397651790771653, 1.5576375697283938e+33, 51672393197.293976, 1.2699916270735853e+33]
[2.6553047863177768, 1.602810833651442e+33, 51360440881.79478, 1.2054017393395226e+33]
[2.6346857779807547, 1.6132336882602937e+33, 51143818989.47404, 1.2126729175450328e+33]
[2.631418069965008, 1.637541371404743e+33, 51198203381.16847, 1.31355345184064e+33]
[2.7794909975199866, 1.5289109520736787e+33, 51882093018.09432, 1.2499585447856527e+33]
[2.683565057996578, 1.6144289258288168e+33, 51596280751.967995, 1.3433147119112097e+33]
[2.607921014992692, 1.632065428329708e+33, 50477464687.087616, 1.3243218254553917e+33]
[2.6201975767871035, 1.628692937065684e+33, 50918030203.781395, 1.2730960689114416e+33]
[2.6228589604214902, 1.639609972948594e+33, 50924777360.45752, 1.341155703207234e+33]
[2.675619074011972, 1.58943922992422e+33, 51053356786.640564, 1.2792123365856146e+33]
[2.6953345486238036, 1.5832212457526326e+33, 50878781401.7339, 1.3683774762527686e+33]
[2.6654196566727664, 1.6423417315907666e+33, 51877612371.09459, 1.357025975271265e+33]
[2.6377627034002766, 1.6199693738502316e+33, 50938294422.704285, 1.2992197121870885e+33]
[2.727963973248924, 1.5718617764056812e+33, 51278155599.74986, 1.3736602692068022e+33]
[2.606786324471558, 1.645244080523631e+33, 51141814990.812256, 1.2584327276210074e+33]
[2.7052819494611624, 1.5725786639638805e+33, 51216541937.552505, 1.2865962602744934e+33]
[2.654579304366098, 1.6201390023348247e+33, 51368624817.49487, 1.2897101252890251e+33]
[2.6634067220675917, 1.6132674785842896e+33, 51702650973.077545, 1.2290152564896321e+33]
[2.6991596611818123, 1.589022963764538e+33, 51347225495.91095, 1.3236654935847036e+33]
[2.5874930512170953, 1.6487316055320415e+33, 50867493464.62932, 1.2474197602330693e+33]
[2.686029770832727, 1.595306390468169e+33, 51246752383.44412, 1.3190452844131802e+33]
[2.6352714725788435, 1.581818870773585e+33, 50076544135.09627, 1.254554143921106e+33]
[2.582538365346644, 1.654384083942462e+33, 51197971930.772484, 1.1942565461940182e+33]
[2.7057993799646676, 1.5848149813794625e+33, 51318165781.841125, 1.3362390700603136e+33]
[2.6093978201282026, 1.6415901283900716e+33, 50775111138.72349, 1.3220078443114142e+33]
[2.713557728321283, 1.570336777321363e+33, 51171554424.86001, 1.3199946494079648e+33]
[2.5844659050411405, 1.6849819772312453e+33, 51370369769.28399, 1.3222722111852672e+33]
[2.4986385430282407, 1.7335952481223907e+33, 50949342477.40769, 1.2892431686504136e+33]
[2.6169074680186815, 1.6333538970132616e+33, 50786036977.697365, 1.3090548232225885e+33]
[2.5482682942917347, 1.707681959617525e+33, 51358310375.4982, 1.2850454494388013e+33]
[2.6303534403230566, 1.6365429241793518e+33, 51149226615.99094, 1.3132214098266198e+33]
[2.732728477858081, 1.5521925082338396e+33, 50973579741.505684, 1.3449344027858786e+33]
[2.5919636864836475, 1.6700890298736643e+33, 51369748387.69561, 1.2783670033586732e+33]
[2.568836555918731, 1.6576032553521606e+33, 50363943172.3466, 1.311808800734534e+33]
[2.608948434386636, 1.6403017496499023e+33, 50960789474.754295, 1.276880008857909e+33]
[2.6876246240045365, 1.6031033031572233e+33, 51129295978.3519, 1.3940331264663814e+33]
[2.60198672770953, 1.6690540699246424e+33, 51470423852.00123, 1.296597126958168e+33]
[2.6643103978073475, 1.5915731899888707e+33, 50804295866.1656, 1.2897551660884593e+33]
[2.6242158578111825, 1.63078220372137e+33, 50871258636.58488, 1.3105570245465705e+33]
[2.579752022476488, 1.6606893165616522e+33, 50822583025.07542, 1.2841191738168824e+33]
[2.6899125485972366, 1.5700882414780385e+33, 51013850715.2449, 1.2455520502576654e+33]
[2.7004858218454624, 1.5933054516802374e+33, 51393284593.9797, 1.3442634414910316e+33]
[2.6168132659922922, 1.6377902815308367e+33, 51224427709.43108, 1.2471731025310664e+33]
[2.674451312645039, 1.583601803328564e+33, 50608194481.687065, 1.3301446971259968e+33]
[2.5928231638770036, 1.677297998965133e+33, 51438389108.98266, 1.3055985232529237e+33]
[2.5805071654676044, 1.6433930521136122e+33, 50784295783.50601, 1.2080901755859601e+33]
[2.5786597244946625, 1.6904186751551936e+33, 51169857092.08037, 1.3653955687750492e+33]
[2.6353627554404104, 1.6474190460837993e+33, 51245701183.18486, 1.3751887978475375e+33]
[2.676136090408671, 1.5977677629400047e+33, 51152721445.34619, 1.3068997361095745e+33]
[2.641858961278435, 1.623525528016787e+33, 51179843244.12016, 1.2887688607174101e+33]
[2.6270446453983056, 1.625736719398172e+33, 50921692531.99726, 1.2863536190493585e+33]
[2.6563708717951204, 1.6200708085853818e+33, 51199506773.68544, 1.3304647145184645e+33]
[2.596218642545033, 1.649003935144261e+33, 50679558330.37694, 1.3225369449794818e+33]
[2.577768131509707, 1.6608298779466757e+33, 50874055159.016685, 1.2665631301283563e+33]
[2.7778234239988646, 1.5111967485511195e+33, 51023429132.46153, 1.3080953301028766e+33]
[2.695637170407333, 1.5792510786711576e+33, 50887209750.3463, 1.3455072212551378e+33]
[2.6458520456329206, 1.6036517005316698e+33, 50730279372.99809, 1.2884285035134527e+33]
[2.5315512511064537, 1.6761803680420945e+33, 50274966950.20858, 1.2693539128888245e+33]
[2.636315182722387, 1.63502928500936e+33, 51079334406.72952, 1.3456331194877633e+33]
[2.706498142215726, 1.5742061142575515e+33, 50929739037.91646, 1.3582683767359935e+33]
[2.712751432409092, 1.5740212375246763e+33, 51025966575.69804, 1.3665579552565457e+33]
[2.510381056584139, 1.7500514192723528e+33, 51398389023.34522, 1.3316074994710856e+33]
[2.6473961733439717, 1.6343895134699657e+33, 51580588405.498405, 1.2924219488144895e+33]
[2.6611334319969666, 1.6072264719284284e+33, 50958619314.699455, 1.330005292273998e+33]
[2.6596860840608514, 1.5952174984386095e+33, 50932381512.238235, 1.2643891615286802e+33]
[2.5288872904851623, 1.6880494664426408e+33, 50543057093.99949, 1.2659184447390707e+33]
[2.6307107743236813, 1.6468950190374047e+33, 51306758256.36841, 1.3387805964224547e+33]
[2.6037907255736905, 1.6689360045305575e+33, 51371395544.03442, 1.3232077915389594e+33]
[2.6036037966037853, 1.6656613241969186e+33, 51358090279.44916, 1.3079274721031974e+33]
[2.6226270538246492, 1.6301919760616927e+33, 50902175192.398254, 1.2944281729339905e+33]
[2.6291959531066693, 1.6480834487088295e+33, 51462734844.88901, 1.3075358862683623e+33]
[2.5771494196999667, 1.6843919705313154e+33, 51143026022.46582, 1.3323082956818532e+33]
[2.6380144999672503, 1.627048733755919e+33, 51059403106.72506, 1.3141815263112017e+33]
[2.6432882649355784, 1.6207041008031126e+33, 51286360295.52055, 1.259847386322722e+33]
[2.7369653442469883, 1.5656388453376316e+33, 51205270728.368744, 1.3953794435219625e+33]
[2.560465136006105, 1.6804857146562164e+33, 51226458785.28661, 1.2265442408938522e+33]
[2.6762981714230007, 1.6181548233223805e+33, 51506802369.73651, 1.3486249944757573e+33]
[2.5843068759713566, 1.6782240797002317e+33, 51245180659.82296, 1.3112669128282346e+33]
[2.597224577294847, 1.6446699433622423e+33, 50958793576.38833, 1.250160351415929e+33]
[2.713268163273462, 1.5825094675540265e+33, 51402659782.480125, 1.340583148526298e+33]
[2.6650429861904286, 1.6024202490216615e+33, 50915517835.305786, 1.329869990820878e+33]
[2.5716263907545978, 1.6725568083330305e+33, 51039954451.56686, 1.2682020054014554e+33]
[2.697403356722137, 1.5794812387643976e+33, 50962822232.648384, 1.3395520649943784e+33]
[2.6131721019487477, 1.6281690473168952e+33, 50982261006.740974, 1.2288956969327326e+33]
[2.52188197484303, 1.732528064792486e+33, 51529485445.550125, 1.2674404937247759e+33]
[2.629434596425806, 1.6390781625037693e+33, 51199701319.3882, 1.312671759063633e+33]
[2.5303216709217273, 1.6900305018917094e+33, 50464115569.23959, 1.2971088143312018e+33]
[2.5860243151907274, 1.7026829608526997e+33, 51798854796.274185, 1.3361828033399742e+33]
[2.691712990217633, 1.5853765714767274e+33, 51156443113.907745, 1.3079450679913434e+33]
[2.6478130096345267, 1.6242693631849688e+33, 51079125806.0988, 1.33895738737124e+33]
[2.641333985311874, 1.6494733399570953e+33, 51471631318.74327, 1.367672255873206e+33]
[2.713629437783374, 1.5797402945117005e+33, 51421421011.08551, 1.3230486228869202e+33]
[2.5929275540896106, 1.6648243243281347e+33, 50754829177.061516, 1.3775624880881056e+33]
[2.6776845875926965, 1.6031145960096754e+33, 51126723339.44025, 1.348407114693842e+33]
[2.5646129351835794, 1.6612163881299113e+33, 50526497502.45287, 1.280422699007446e+33]
[2.6986531885477834, 1.5815663017117425e+33, 51430487614.341995, 1.2649609387847648e+33]
[2.6047483519945382, 1.6540450152670728e+33, 50896271803.81846, 1.3435632573455662e+33]
[2.6517270117682883, 1.6052584474231204e+33, 51172394550.03334, 1.23750835899148e+33]
[2.681650241479427, 1.5976535498761644e+33, 50969947017.08183, 1.3680615132241894e+33]
[2.54227317184398, 1.7078288439048464e+33, 51093212565.12386, 1.3120182304526384e+33]
[2.7203305143116396, 1.5690315097165958e+33, 51181805710.49262, 1.3415105423109585e+33]
[2.635986536168369, 1.6443360215213147e+33, 51348414841.72927, 1.3403669676591187e+33]
[2.6966946619245507, 1.5536151483495355e+33, 50308049066.42947, 1.3232081045853827e+33]
[2.6747208576399526, 1.5943647342157837e+33, 51052900276.5617, 1.3018214945990453e+33]
[2.633481410912046, 1.6273198131868377e+33, 51421075337.12064, 1.227282293271104e+33]
[2.671117570335911, 1.59862660590959e+33, 50864687063.30208, 1.346653833069222e+33]
[2.664310434653222, 1.6043322185671286e+33, 51237730226.21849, 1.273777260632223e+33]
[2.662284378374957, 1.5948103203707582e+33, 51075708491.997505, 1.246141905404733e+33]
[2.6810170142325735, 1.6130901315748766e+33, 51482482698.86096, 1.347126217089973e+33]
[2.5694778724930503, 1.668608286917289e+33, 50894195345.85853, 1.2672618045645318e+33]
[2.6290689329715824, 1.6260660126137387e+33, 50856964209.49191, 1.3095901881580654e+33]
[2.584583333101178, 1.669133474899072e+33, 50946042069.10464, 1.3243725546567697e+33]
[2.5584757268896294, 1.687018092001812e+33, 51114371989.514, 1.2714754411475192e+33]
[2.586955685666611, 1.6612576475971407e+33, 51338928528.73188, 1.21955942289543e+33]
[2.6505252749191506, 1.6276616248553082e+33, 51467399183.252045, 1.2925847195304586e+33]
[2.6412423673425516, 1.5974991462194454e+33, 50603456240.22375, 1.2607271842342352e+33]
[2.6328000612856925, 1.6438995389611265e+33, 51514993861.24933, 1.2912613729615043e+33]
[2.7151316418639637, 1.5748089467382486e+33, 50901790762.4068, 1.4084190685142283e+33]
[2.6405335054548, 1.6474312402321096e+33, 51560378863.98693, 1.3351127327701082e+33]
[2.64172500379719, 1.630907385578004e+33, 51400723465.6222, 1.2842326769245036e+33]
[2.6103590848458, 1.6390637015012084e+33, 50978922545.09381, 1.273024076793684e+33]
[2.6344298734369107, 1.6666805723430197e+33, 51874521214.7911, 1.3480785037603572e+33]
[2.601104627037717, 1.6303148333512506e+33, 50470289477.45055, 1.2868408216261132e+33]
[2.7041329969126666, 1.5582833798054957e+33, 50900177628.54376, 1.265212955040481e+33]
[2.6552568939602184, 1.605487014272383e+33, 50998728544.3654, 1.2867543595627015e+33]
[2.64620073544501, 1.6290555097264116e+33, 51436074910.93937, 1.287136953891002e+33]
[2.58848419232828, 1.6677241739616178e+33, 51251000027.581856, 1.274367703965389e+33]
[2.6012660311545543, 1.671836048797532e+33, 51604839354.32379, 1.2818861311315036e+33]
[2.5815497406264325, 1.667764963601845e+33, 51118204125.010185, 1.2707295557697934e+33]
[2.7456977999169685, 1.5615229722332525e+33, 51918948159.34613, 1.2705085221506291e+33]
[2.675859292772148, 1.5987994873154543e+33, 51509497129.42536, 1.242971880057695e+33]
[2.682672472564122, 1.5997224843057792e+33, 51386394748.96861, 1.300669681789541e+33]
[2.566575543203244, 1.6745474749081502e+33, 50932662996.78315, 1.2776413694880935e+33]
[2.606848653618655, 1.6588033701034112e+33, 50900763307.69524, 1.377962270457738e+33]
[2.6496200586798717, 1.6326496373335466e+33, 51420775575.09758, 1.3241941793728855e+33]
[2.5716564026094555, 1.6665014895039387e+33, 51067529777.49984, 1.2331168124527816e+33]
[2.635472554646799, 1.637072938315377e+33, 51142547823.51191, 1.3401728237027966e+33]
[2.634727947234529, 1.6569190091639336e+33, 52085770737.96775, 1.258120882507224e+33]
[2.6897981293010584, 1.592159419073758e+33, 51157560077.64923, 1.3364810839326468e+33]
[2.6712210950267417, 1.600415258580901e+33, 51028460863.359665, 1.3240109481234957e+33]
[2.7025532783330015, 1.5822188182868482e+33, 51497783480.2437, 1.2725515851439693e+33]
[2.58515413356609, 1.6734962493349832e+33, 50994431249.78896, 1.3401555917794005e+33]
[2.5704492295549346, 1.6820994105074126e+33, 51056199355.38277, 1.3085197058935276e+33]
[2.611725249911241, 1.656985549790323e+33, 51212250088.3946, 1.326850342447131e+33]
[2.598950663246545, 1.6688020160250376e+33, 51659644450.20197, 1.2466441557483913e+33]
[2.524295090036384, 1.7254611072343895e+33, 51222291553.03947, 1.3015396132090314e+33]
[2.5493209603804523, 1.6996719839423628e+33, 51031699793.84505, 1.3127090449780525e+33]
[2.5982497896955183, 1.6599391850183065e+33, 51038891074.31935, 1.317521540034603e+33]
[2.6318533963321533, 1.6339467990216888e+33, 51259222844.04283, 1.2846729307051182e+33]
[2.6112399146998335, 1.6705420302643346e+33, 51566207531.52795, 1.3260131451149921e+33]
[2.6955164928734026, 1.5878070662422095e+33, 51263524748.118744, 1.317147794407917e+33]
[2.6028471358035414, 1.6324297831035875e+33, 50621041558.21521, 1.2758984796684688e+33]
[2.64016339908742, 1.6218668364545937e+33, 51184641360.68438, 1.2718763883665661e+33]
[2.658962669705395, 1.593530111272187e+33, 50930230490.670044, 1.2528893938027748e+33]
[2.6132677360074523, 1.6604351484704176e+33, 50976096031.319885, 1.4009196571608067e+33]
[2.5609693992652587, 1.6977321449534873e+33, 51553573952.40776, 1.2517269563871403e+33]
[2.5478761173062456, 1.7024671106738436e+33, 51165776683.840126, 1.29449501312095e+33]
[2.608948517733158, 1.6452918634089628e+33, 50883110054.852974, 1.3181530797085298e+33]
[2.6411510224795904, 1.6565424283546175e+33, 51692460064.29491, 1.3605635431848118e+33]
[2.7173003570076157, 1.582339161953614e+33, 51776962862.56447, 1.2845141181259294e+33]
[2.671920174125686, 1.642525561637847e+33, 52345693795.546616, 1.2956612317989584e+33]
[2.6828550144358316, 1.5863280842958455e+33, 51226332966.09812, 1.2608574589493001e+33]
[2.657888725195143, 1.6337611877957765e+33, 51643635608.24268, 1.3230719123297628e+33]
[2.672829256794027, 1.6400220315842782e+33, 51826043685.50283, 1.3890537311823845e+33]
[2.7495753295639727, 1.535905340845709e+33, 51280651861.492165, 1.2693089009043832e+33]
[2.7063438452981714, 1.5756237211835812e+33, 51095712924.270836, 1.33192072887724e+33]
[2.5784951845579576, 1.6795067547552983e+33, 51031393134.877846, 1.3349913266891725e+33]
[2.586475084260486, 1.651154855658603e+33, 50547015032.722275, 1.317811694725621e+33]
[2.662547006140719, 1.5942695547564206e+33, 50705142842.4242, 1.3161667471664915e+33]
[2.653348944027401, 1.6300891972823198e+33, 51544580328.30837, 1.302791656849489e+33]
[2.7004919259511784, 1.5956148442997796e+33, 51341304468.86762, 1.3678292750870937e+33]
[2.6092469688684505, 1.6142100335745613e+33, 50458810747.45586, 1.2402928789356742e+33]
[2.5614456786857263, 1.6944245920058444e+33, 51394712218.58573, 1.267292998480198e+33]
[2.729979180050529, 1.5347162817812353e+33, 50721497845.24468, 1.2840109958370523e+33]
[2.602522517411474, 1.656195450270677e+33, 50907179168.54562, 1.3429398805789628e+33]
[2.5125964641911085, 1.727785364870102e+33, 50856123776.28169, 1.3366649890179524e+33]
[2.575121368803445, 1.6824499668504163e+33, 51276247242.981186, 1.2874314583285888e+33]
[2.685712204765128, 1.6183309855202408e+33, 51479585198.05153, 1.3990123125755858e+33]
[2.6594436638419516, 1.6103572674124157e+33, 51271491741.13221, 1.2779983596805172e+33]
[2.6178994062229797, 1.6363312788774776e+33, 51215800734.93024, 1.2459592297392277e+33]
[2.648520278730119, 1.5960350005369488e+33, 50768333863.221275, 1.2524538316959217e+33]
[2.6101784978220395, 1.6515067244330555e+33, 51509327345.77198, 1.2352721730746995e+33]
[2.6907126054930885, 1.6001335959230195e+33, 51434137349.721596, 1.329446332340783e+33]
[2.672641092131697, 1.604714313462143e+33, 51342937520.83826, 1.291742028385733e+33]
[2.641390276982506, 1.6230661662522682e+33, 51259744104.483376, 1.2690149996570231e+33]
[2.6752837309411386, 1.580097455315129e+33, 50712953965.665535, 1.2937348622695932e+33]
[2.6113854044520233, 1.635336717988394e+33, 50791128243.43297, 1.2944906221545354e+33]
[2.6792473770935517, 1.5959196673548935e+33, 51386947817.86879, 1.2654095857850296e+33]
[2.5977747822672317, 1.6417507535920598e+33, 50729997556.20812, 1.2813687720786923e+33]
[2.5868302901407145, 1.6491119139782756e+33, 50396450113.203415, 1.3389160221020617e+33]
[2.613898280660263, 1.6469692574540797e+33, 50984957872.95101, 1.3286000571265366e+33]
[2.6716985448080695, 1.5954818082702957e+33, 51075420409.36659, 1.2901610971614963e+33]
[2.6337583694262685, 1.6469220583867169e+33, 51435295402.47215, 1.3269421414123237e+33]
[2.611989568002081, 1.6513957158877074e+33, 51508031713.81567, 1.2424546929285196e+33]
[2.7117465635362765, 1.58681288966623e+33, 51488755593.413, 1.3404502285544105e+33]
[2.60603994402245, 1.657647610691619e+33, 51057217946.50367, 1.3361235373719786e+33]
[2.760825895776516, 1.534357368194345e+33, 51291706960.456764, 1.3091079487524636e+33]
[2.5443835139484707, 1.686413994108802e+33, 50815517967.74793, 1.2672525489639317e+33]
[2.594239625102389, 1.6945898372322448e+33, 51806180734.09326, 1.3290472962377587e+33]
[2.520694352168324, 1.7259665344769446e+33, 50826418298.10286, 1.368109010403831e+33]
[2.6143743507172723, 1.6322891503221174e+33, 51123644890.59732, 1.228233933521913e+33]
[2.643399911155193, 1.6274488828909667e+33, 51062374209.74208, 1.3397649213227524e+33]
[2.6796543378100735, 1.6179784612785817e+33, 51262629277.66989, 1.4136947205242167e+33]
[2.6607151118454047, 1.6172497784175988e+33, 51282268301.29818, 1.318177593692757e+33]
[2.5977053994646297, 1.6576828429752054e+33, 51349094260.83933, 1.2440822818864019e+33]
[2.6480138399369277, 1.5928058941712522e+33, 50720486638.14938, 1.2426272432858794e+33]
[2.672651254369377, 1.5978642180481638e+33, 51165445632.45479, 1.2895987116445459e+33]
[2.6265461697089942, 1.637326899039684e+33, 51164140338.454475, 1.2977726054700648e+33]
[2.579844875441927, 1.6850051212503624e+33, 51466592540.37154, 1.2837938970446713e+33]
[2.5897158186084357, 1.670284875169626e+33, 51100816953.52408, 1.3220743048532928e+33]
[2.6280527646726477, 1.6453522752457366e+33, 51223093466.12715, 1.335341866547643e+33]
[2.6481897340678424, 1.6302538565544307e+33, 51401372058.794556, 1.3088809975641015e+33]
[2.620857508633194, 1.6107362791789985e+33, 50643764885.39718, 1.2358552318594679e+33]
[2.570083902450002, 1.69021091532637e+33, 51294655830.8711, 1.3017805738661085e+33]
[2.6140662672833628, 1.663445711586926e+33, 51484388513.0754, 1.317395733089807e+33]
[2.6502937216414, 1.619248813674343e+33, 51462946118.36852, 1.2488274712879018e+33]
[2.612233317647292, 1.6594716904237286e+33, 51619702174.03496, 1.263084147041564e+33]
[2.6495635767269468, 1.6397950000161395e+33, 51766063228.68134, 1.2944488263145473e+33]
[2.585525104010631, 1.6563671504772087e+33, 51012523702.96548, 1.2501487594208354e+33]
[2.57312242262765, 1.670769650823011e+33, 50630383527.92837, 1.3462010617251688e+33]
[2.653063855624258, 1.6311807714085336e+33, 51275399487.58519, 1.360961473223509e+33]
[2.693910560943927, 1.6147893759680858e+33, 51732979549.41794, 1.3653781930238575e+33]
[2.601758788353514, 1.6355760984234678e+33, 50614381725.25331, 1.2888892361975054e+33]
[2.613513215156274, 1.648212149191696e+33, 51358594558.42626, 1.2607919796955174e+33]
[2.659702490711894, 1.6035726650696373e+33, 51085431637.71683, 1.2791172935065128e+33]
[2.67527871254197, 1.62186210112845e+33, 51658641251.65736, 1.333963926713477e+33]
[2.558231824716752, 1.6844163095543085e+33, 50702039676.35215, 1.3381914650486053e+33]
[2.6667404851779444, 1.5918367156044249e+33, 50931953216.735374, 1.2769361538722722e+33]
[2.654227753782318, 1.6152029916935126e+33, 51028836180.90893, 1.3284981956308875e+33]
[2.61755988603635, 1.6441970825718956e+33, 51155392212.774086, 1.2963963226179536e+33]
[2.7022745550082314, 1.5726498374062457e+33, 51108815622.20609, 1.2946427549685361e+33]
[2.6301805312974578, 1.6225964549927577e+33, 51036749896.21615, 1.2613407567916657e+33]
[2.6085861362482063, 1.6458780834449676e+33, 51072849031.09277, 1.2824746127303984e+33]
[2.6347948342386465, 1.6265150408449702e+33, 51217821921.8972, 1.2666954089715261e+33]
[2.6784278930529237, 1.596615097180875e+33, 51267493087.74371, 1.2884140516694818e+33]
[2.616482308686138, 1.6636670919970883e+33, 51079888474.1709, 1.4121074273475117e+33]
[2.729754298612993, 1.5746971658488657e+33, 51452573689.41328, 1.3626838964455123e+33]
[2.6034769449907538, 1.6405555766762894e+33, 50754619730.55123, 1.2947986245474656e+33]
[2.5866415876408664, 1.6727105659907784e+33, 51242292591.86742, 1.2935590343253762e+33]
[2.6646590358041533, 1.6030064296198678e+33, 50983784809.62818, 1.3177217213034968e+33]
[2.6637288954601015, 1.603288682044387e+33, 50739995636.155106, 1.3644553551839407e+33]
[2.6578767596031194, 1.597507773743449e+33, 50551450768.59692, 1.3440803083309654e+33]
[2.6542744352733174, 1.5941479617850326e+33, 50722666671.64118, 1.2758498066463131e+33]
[2.723144999344453, 1.5467984108530325e+33, 50794976458.938675, 1.3064411587785604e+33]
[2.604506441722139, 1.6445103891473482e+33, 50827883373.56362, 1.305556619614154e+33]
[2.6029087204190233, 1.649863787725081e+33, 50808994534.298965, 1.330628546258541e+33]
[2.583700540613905, 1.6840967329957525e+33, 51168558236.43692, 1.3546414449419952e+33]
[2.65847877147157, 1.615835313526932e+33, 51266149612.70343, 1.3038532626245465e+33]
[2.7073877646951585, 1.6072357565537658e+33, 51676001521.6223, 1.3976613860531402e+33]
[2.5788217368318036, 1.686383321957025e+33, 51299521997.76043, 1.318898385290637e+33]
[2.6018783229994495, 1.6647044510970484e+33, 51669573746.62194, 1.2366973894714378e+33]
[2.627327352575159, 1.6387812910884845e+33, 51304998017.1001, 1.2814803721557612e+33]
[2.6263415508376164, 1.654826612089913e+33, 51435204948.063034, 1.3360082639574533e+33]
[2.577478122307342, 1.680712714616336e+33, 51075266902.41219, 1.3280637419093677e+33]
[2.6229236698212954, 1.6424078366383296e+33, 51246804060.78763, 1.2925441032602322e+33]
[2.690324806099887, 1.581432368692367e+33, 50994198473.101875, 1.3121579070260266e+33]
[2.642513262361174, 1.6250572318584385e+33, 51195430431.46408, 1.2966578149056163e+33]
[2.743832529114873, 1.5428729342029947e+33, 51336098601.78962, 1.2715471767141408e+33]
[2.609797661431774, 1.662737946220786e+33, 51543796582.843124, 1.2836992521451132e+33]
[2.576673621438594, 1.6695471658658885e+33, 51086142585.769646, 1.2653812908453296e+33]
[2.6619461028692593, 1.6202733420570451e+33, 51591673795.00637, 1.2795750341094443e+33]
[2.558134347761863, 1.7019938027958452e+33, 50991791338.18933, 1.3714037740668916e+33]
[2.6354078653619424, 1.6222026150361913e+33, 50963603393.66438, 1.2958294484570541e+33]
[2.710042071762359, 1.5692718828243502e+33, 51180001397.00268, 1.2967037286643084e+33]
[2.68306126132738, 1.580414104536527e+33, 50935563818.68027, 1.2860279967288678e+33]
[2.6444962550347486, 1.639389206427986e+33, 51395316693.905556, 1.342593798406379e+33]
[2.6504823885038604, 1.6395089345897349e+33, 51541600475.46948, 1.3409866271148122e+33]
[2.7518608896377827, 1.554448881540299e+33, 51469439698.942345, 1.3467392344872946e+33]
[2.6106875036824784, 1.6333168800989083e+33, 50485133558.64606, 1.3418151509704032e+33]
[2.731480840679916, 1.5488157180653336e+33, 51184504666.5964, 1.2786543968325644e+33]
[2.6918632188279292, 1.5767968873460458e+33, 50969045889.50475, 1.2985657901008662e+33]
[2.6532065264617675, 1.6132527858540703e+33, 51044209736.50949, 1.3103532639414153e+33]
[2.553518880904566, 1.7044593322117752e+33, 51343185473.488014, 1.2939325872733163e+33]
[2.6620139000701615, 1.6137988834767263e+33, 51162866524.16405, 1.328987113710574e+33]
[2.5613406812852153, 1.6754853040440417e+33, 50958848057.94633, 1.2555726190050434e+33]
[2.6826441112795005, 1.6203135373374147e+33, 51533290245.92796, 1.3846545694492865e+33]
[2.6694031669193294, 1.6136460813895154e+33, 51233483982.58921, 1.3473884377278522e+33]
[2.5583851401744058, 1.6993856802851077e+33, 51037390903.833755, 1.3494401062156176e+33]
[2.6329201776130193, 1.634658209498731e+33, 51123992147.79005, 1.319511416507494e+33]
[2.5823971447713667, 1.6720807259426504e+33, 50955466787.308, 1.328368404668257e+33]
[2.629662291649115, 1.6525675457083005e+33, 51491730361.75551, 1.327566734629065e+33]
[2.6505400625849753, 1.625319581794172e+33, 51194063995.43506, 1.333869758144735e+33]
[2.7185803518892118, 1.5610022011339407e+33, 51271367976.36329, 1.271666926628461e+33]
[2.6615887131621436, 1.6016779306902857e+33, 51164832285.49777, 1.2620824811838826e+33]
[2.757784508891529, 1.5463878909866008e+33, 51544217595.53151, 1.313481821436661e+33]
[2.6684121228578173, 1.6175825899339598e+33, 51405129013.49832, 1.3300763997803537e+33]
[2.663358779736882, 1.6058782023587876e+33, 51287709036.31203, 1.2682610550119866e+33]
[2.6072389062934227, 1.639417702567965e+33, 50845339445.32617, 1.287341405879845e+33]
[2.5785870541525133, 1.6715831770574026e+33, 51229818210.94852, 1.2563102074378617e+33]
[2.6524319439783444, 1.6191102912559465e+33, 51348493845.93253, 1.2788750173258992e+33]
[2.632751802208005, 1.638819837571103e+33, 51117178921.64624, 1.3424961036181255e+33]
[2.708484417177214, 1.5692311446975187e+33, 51102664503.59246, 1.3046888039526327e+33]
[2.5412296832368098, 1.689746638932401e+33, 50508784010.6807, 1.3312256146827398e+33]
[2.6595203725670435, 1.6149410491795447e+33, 51238658250.10289, 1.3090483670737613e+33]
[2.737147941453631, 1.5223807613273387e+33, 50746838603.05327, 1.2427587034130356e+33]
[2.7208529436911664, 1.5617467354744192e+33, 51360272416.215065, 1.2686466970442642e+33]
[2.6084345115863887, 1.6487443027969218e+33, 51089476053.99366, 1.2934288616946834e+33]
[2.8215933583733985, 1.4763101089155407e+33, 51288927890.20595, 1.2590760819013973e+33]
[2.7675379107747244, 1.5351870871025988e+33, 51372680478.90728, 1.3287982855853746e+33]
[2.6403342941368693, 1.6320966667694564e+33, 51050445997.38724, 1.3536929446656385e+33]
[2.5892590723574003, 1.6588536560077917e+33, 51020174482.823265, 1.2768671381407503e+33]
[2.7453356885905387, 1.545425109374875e+33, 51273807981.918236, 1.3044329868965056e+33]
[2.6245691036257464, 1.6317660993216246e+33, 50704484660.600746, 1.3509905255349948e+33]
[2.7276125443236343, 1.565115085471952e+33, 51190784577.60097, 1.351095527695253e+33]
[2.670281161519663, 1.6173250817745274e+33, 51580683182.47382, 1.3025230389738254e+33]
[2.585092948777988, 1.6775037812068906e+33, 51361235137.54401, 1.2883901841055668e+33]
[2.7304984110538584, 1.538343690091454e+33, 50763827387.78553, 1.2982412107149886e+33]
[2.6528098530499036, 1.595648512953939e+33, 50562034848.78254, 1.309046565713655e+33]
[2.678547013436665, 1.598872948558537e+33, 51110356893.43813, 1.332131168360062e+33]
[2.6220686926543215, 1.6535276129676215e+33, 51257015015.663734, 1.345594158884264e+33]
[2.625527240440274, 1.635454923062203e+33, 51255814205.7486, 1.2660511611567687e+33]
[2.657848014428858, 1.6324221923441028e+33, 51610130794.09141, 1.322311217384595e+33]
[2.573479013625286, 1.6651053897322588e+33, 50692204006.059265, 1.3056027208945728e+33]
[2.666279026106596, 1.6270827978550356e+33, 51531696723.268555, 1.3469774660527225e+33]
[2.5725126456098413, 1.6972462123319028e+33, 51316952499.55202, 1.3442228310861338e+33]
[2.6131724710834927, 1.617345886875934e+33, 50377039142.32093, 1.2889015136017477e+33]
[2.6869452125017284, 1.584193868202009e+33, 51032538575.07499, 1.3046708164247032e+33]
[2.6371888702414927, 1.6137620385066783e+33, 50480926263.786514, 1.354908231218204e+33]
[2.666155774243816, 1.5858433148134298e+33, 50895903249.55336, 1.2497310677633315e+33]
[2.698589432456576, 1.568058316225558e+33, 50600902823.34939, 1.3541012921218174e+33]
[2.6431636934118106, 1.6337091031522268e+33, 51097415971.91491, 1.3658925336753375e+33]
[2.67854742545154, 1.5853463232542737e+33, 51018850531.26732, 1.276726995697659e+33]
[2.6732392429301677, 1.6107389815911408e+33, 51340123928.927345, 1.3274316255469192e+33]
[2.6685505128384936, 1.5931545122545098e+33, 50826652199.9122, 1.3125788216799073e+33]
[2.6006503960804905, 1.6601241654764385e+33, 51357026807.66232, 1.2671249753863144e+33]
[2.63241023434518, 1.633424721902764e+33, 51011989200.65421, 1.332961032996596e+33]
[2.72467707501094, 1.546723798399675e+33, 50970187674.38859, 1.2785545766217004e+33]
[2.596512069838148, 1.6503112624318122e+33, 50870206293.730316, 1.2929622858935999e+33]
[2.6494673374729065, 1.607640916981204e+33, 50932988857.45564, 1.285811703791091e+33]
[2.751511173699839, 1.5365824826691106e+33, 51260320603.670784, 1.2855547717902607e+33]
[2.6607202651676864, 1.6140059700894683e+33, 51131768730.43514, 1.3305188268133057e+33]
[2.731847897855096, 1.568662187404406e+33, 51327631034.77259, 1.3633506126125894e+33]
[2.555355611427751, 1.6755067205284503e+33, 50698552682.84972, 1.2807003174239488e+33]
[2.655173367157407, 1.6169792553147782e+33, 51253414720.419556, 1.2979176827349921e+33]
[2.6640725348221355, 1.6061340971705322e+33, 51092280422.405495, 1.3105940202838714e+33]
[2.624019745726597, 1.6171145983383767e+33, 50833968262.57407, 1.24571496742341e+33]
[2.69873453967576, 1.5759041976426364e+33, 50986315262.68432, 1.3209046821124263e+33]
[2.6600694484539584, 1.6169359950953381e+33, 51377403293.890175, 1.2950350571729933e+33]
[2.624726991435233, 1.634282392351432e+33, 50817631855.51068, 1.3423739181647626e+33]
[2.645842935769973, 1.6248324694724222e+33, 51259233739.46276, 1.2975892174226712e+33]
[2.715990416454624, 1.5644942215315386e+33, 51391276085.7104, 1.2564134895612105e+33]
[2.5862628925894264, 1.646851113024207e+33, 50939966716.961426, 1.2195602766389815e+33]
[2.6731598374564163, 1.6144256644232096e+33, 51490412670.46625, 1.3173724203174582e+33]
[2.654345677775653, 1.615231421201379e+33, 51230385417.50594, 1.2895115529724234e+33]
[2.716038550503148, 1.5923309890555483e+33, 51799524128.93694, 1.3289687632275397e+33]
[2.6922386761364487, 1.6007457823857005e+33, 51326684393.3512, 1.3614557930094676e+33]
[2.5700335753060757, 1.6574976039154673e+33, 51001490908.149086, 1.1951317968904899e+33]
[2.560522174749505, 1.6693565910643883e+33, 50722585311.749794, 1.2666278043927704e+33]
[2.701890942058207, 1.5928388631494563e+33, 51408612595.62794, 1.345016976885136e+33]
[2.599549870572532, 1.6666147910522894e+33, 51028050364.59492, 1.3609896114514376e+33]
[2.6523408251223057, 1.6185363283882757e+33, 51255719503.65127, 1.2933447412548057e+33]
[2.596916025313222, 1.6580692429194378e+33, 50999003229.34707, 1.3097982769116344e+33]
[2.6126400083531363, 1.6288274842521424e+33, 50859360943.31462, 1.2530548686885677e+33]
[2.62716548313642, 1.64973957063662e+33, 51476472400.76732, 1.304647552367418e+33]
[2.6413909438354524, 1.630342977337136e+33, 50945522000.163246, 1.3703587341652553e+33]
[2.597776300063609, 1.6480927013181737e+33, 50812036662.15154, 1.2982621531180324e+33]
[2.6366253764240004, 1.6289335899927437e+33, 51278584282.93296, 1.2754329693121479e+33]
[2.6274265481685646, 1.6324863533165142e+33, 50925927351.79207, 1.3229500992673754e+33]
[2.557358700405092, 1.691271236447237e+33, 51053710589.599815, 1.2998902842703013e+33]
[2.7550170233299403, 1.5352893518178083e+33, 51278737003.10549, 1.2905222509865392e+33]
[2.561809650331034, 1.6837896473955705e+33, 50834691539.18658, 1.323835031438893e+33]
[2.6009812376089188, 1.657479725013415e+33, 50977949678.13547, 1.328697141026676e+33]
[2.6451524689585266, 1.6162121292882178e+33, 51006389301.57329, 1.2982079895719332e+33]
[2.612680415982518, 1.6502632675825754e+33, 51285738948.73806, 1.2815883372564868e+33]
[2.6561444421843645, 1.5978558015076637e+33, 50825382271.35496, 1.2837088236172449e+33]
[2.6898000100605377, 1.6011989242944998e+33, 51467299948.23184, 1.3245980370731685e+33]
[2.637821175090481, 1.6095128233392596e+33, 50628130914.840485, 1.3047980324040998e+33]
[2.721821674153497, 1.5645540540601654e+33, 50982891533.27005, 1.363348826471622e+33]
[2.4803848809905937, 1.7355349283768133e+33, 50903053688.95885, 1.2348433903464588e+33]
[2.6721727572839384, 1.5916043518645144e+33, 50795441779.064156, 1.326490781279491e+33]
[2.7053805154492925, 1.5932321718251876e+33, 51766946786.41211, 1.2924351859599497e+33]
[2.659439004777548, 1.627432483090088e+33, 51640768969.481064, 1.2968449899146506e+33]
[2.6447429018145803, 1.6199022437312394e+33, 51139382648.01817, 1.2900533104890176e+33]
[2.595276814090243, 1.6802631256458125e+33, 51468530544.715836, 1.3257451571309397e+33]
[2.6328218507939916, 1.625126168593198e+33, 51221448249.18535, 1.2505434614990532e+33]
[2.669512690048212, 1.5907397491156232e+33, 51156557217.54393, 1.2403683864595892e+33]
[2.6407576227391925, 1.6210973301401367e+33, 50951341080.65932, 1.3158322270623177e+33]
[2.5663189096912182, 1.692619501497388e+33, 51282887283.33701, 1.3002231696280707e+33]
[2.59954528548562, 1.6613462919913706e+33, 51074850832.75911, 1.323461695465437e+33]
[2.7579370710431554, 1.5484951428763512e+33, 51407732419.053925, 1.353441833208047e+33]
[2.6077679786148, 1.652524592126366e+33, 51222060637.36765, 1.2844305098259863e+33]
[2.6752217876979105, 1.6307421003182747e+33, 51855437372.20624, 1.3429459515186802e+33]
[2.719617388347059, 1.571722976967586e+33, 51746346549.65028, 1.2438879134879887e+33]
[2.580303122321167, 1.6695751043910415e+33, 51014766180.83169, 1.294598681191288e+33]
[2.6278749569039825, 1.6288825776157133e+33, 50871108538.79315, 1.3165616396739888e+33]
[2.582040801095579, 1.6683703536112535e+33, 50818232305.29679, 1.3348085913559817e+33]
[2.677133180109301, 1.5811489467086917e+33, 50641699744.012115, 1.321845446944601e+33]
[2.7267337322075846, 1.5931975957729916e+33, 52135973786.200264, 1.3164167541782714e+33]
[2.644100505299643, 1.637323110473432e+33, 51452521766.14007, 1.318364277211674e+33]
[2.727453902025401, 1.5637685533738268e+33, 51285263092.37586, 1.323768877768527e+33]
[2.6669656586115975, 1.6249089490908004e+33, 51483319819.29002, 1.3479123009689153e+33]
[2.6703712892910496, 1.609073046374642e+33, 51370394810.374535, 1.2997265248885814e+33]
[2.588401102582383, 1.6523061297316364e+33, 50589893479.98872, 1.323720539438498e+33]
[2.585969371265043, 1.6606301398007983e+33, 50919099749.77436, 1.2915246123671048e+33]
[2.614320152070488, 1.663344618756909e+33, 51736113896.7497, 1.2695269325541323e+33]
[2.6724645060383834, 1.6254916072312835e+33, 51948510909.231544, 1.2845473326061772e+33]
